2025/05/10-21:13:49.714087 7f1011098700 RocksDB version: 5.18.4
2025/05/10-21:13:49.714148 7f1011098700 Git sha rocksdb_build_git_sha:
2025/05/10-21:13:49.714150 7f1011098700 Compile date Mar 11 2020
2025/05/10-21:13:49.714153 7f1011098700 DB SUMMARY
2025/05/10-21:13:49.714217 7f1011098700 CURRENT file:  CURRENT
2025/05/10-21:13:49.714219 7f1011098700 IDENTITY file:  IDENTITY
2025/05/10-21:13:49.714228 7f1011098700 MANIFEST file:  MANIFEST-000131 size: 344 Bytes
2025/05/10-21:13:49.714231 7f1011098700 SST files in /home/nacos/data/protocol/raft/naming_instance_metadata/log dir, Total Num: 4, files: 000127.sst 000128.sst 000130.sst 000132.sst 
2025/05/10-21:13:49.714232 7f1011098700 Write Ahead Log file in /home/nacos/data/protocol/raft/naming_instance_metadata/log: 000133.log size: 549 ; 
2025/05/10-21:13:49.714234 7f1011098700                         Options.error_if_exists: 0
2025/05/10-21:13:49.714237 7f1011098700                       Options.create_if_missing: 1
2025/05/10-21:13:49.714237 7f1011098700                         Options.paranoid_checks: 1
2025/05/10-21:13:49.714238 7f1011098700                                     Options.env: 0x7f0f776b0fa0
2025/05/10-21:13:49.714239 7f1011098700                                Options.info_log: 0x7f100ce11540
2025/05/10-21:13:49.714239 7f1011098700                Options.max_file_opening_threads: 16
2025/05/10-21:13:49.714240 7f1011098700                              Options.statistics: 0x7f100d76e0e0
2025/05/10-21:13:49.714241 7f1011098700                               Options.use_fsync: 0
2025/05/10-21:13:49.714242 7f1011098700                       Options.max_log_file_size: 0
2025/05/10-21:13:49.714242 7f1011098700                  Options.max_manifest_file_size: 1073741824
2025/05/10-21:13:49.714244 7f1011098700                   Options.log_file_time_to_roll: 0
2025/05/10-21:13:49.714245 7f1011098700                       Options.keep_log_file_num: 1000
2025/05/10-21:13:49.714245 7f1011098700                    Options.recycle_log_file_num: 0
2025/05/10-21:13:49.714246 7f1011098700                         Options.allow_fallocate: 1
2025/05/10-21:13:49.714247 7f1011098700                        Options.allow_mmap_reads: 0
2025/05/10-21:13:49.714247 7f1011098700                       Options.allow_mmap_writes: 0
2025/05/10-21:13:49.714248 7f1011098700                        Options.use_direct_reads: 0
2025/05/10-21:13:49.714249 7f1011098700                        Options.use_direct_io_for_flush_and_compaction: 0
2025/05/10-21:13:49.714249 7f1011098700          Options.create_missing_column_families: 1
2025/05/10-21:13:49.714250 7f1011098700                              Options.db_log_dir: 
2025/05/10-21:13:49.714251 7f1011098700                                 Options.wal_dir: /home/nacos/data/protocol/raft/naming_instance_metadata/log
2025/05/10-21:13:49.714251 7f1011098700                Options.table_cache_numshardbits: 6
2025/05/10-21:13:49.714252 7f1011098700                      Options.max_subcompactions: 1
2025/05/10-21:13:49.714253 7f1011098700                  Options.max_background_flushes: 1
2025/05/10-21:13:49.714253 7f1011098700                         Options.WAL_ttl_seconds: 0
2025/05/10-21:13:49.714254 7f1011098700                       Options.WAL_size_limit_MB: 0
2025/05/10-21:13:49.714255 7f1011098700             Options.manifest_preallocation_size: 4194304
2025/05/10-21:13:49.714256 7f1011098700                     Options.is_fd_close_on_exec: 1
2025/05/10-21:13:49.714256 7f1011098700                   Options.advise_random_on_open: 1
2025/05/10-21:13:49.714257 7f1011098700                    Options.db_write_buffer_size: 0
2025/05/10-21:13:49.714257 7f1011098700                    Options.write_buffer_manager: 0x7f100c9f14d0
2025/05/10-21:13:49.714258 7f1011098700         Options.access_hint_on_compaction_start: 1
2025/05/10-21:13:49.714259 7f1011098700  Options.new_table_reader_for_compaction_inputs: 0
2025/05/10-21:13:49.714259 7f1011098700           Options.random_access_max_buffer_size: 1048576
2025/05/10-21:13:49.714260 7f1011098700                      Options.use_adaptive_mutex: 0
2025/05/10-21:13:49.714260 7f1011098700                            Options.rate_limiter: (nil)
2025/05/10-21:13:49.714269 7f1011098700     Options.sst_file_manager.rate_bytes_per_sec: 0
2025/05/10-21:13:49.714269 7f1011098700                       Options.wal_recovery_mode: 2
2025/05/10-21:13:49.714270 7f1011098700                  Options.enable_thread_tracking: 0
2025/05/10-21:13:49.714270 7f1011098700                  Options.enable_pipelined_write: 0
2025/05/10-21:13:49.714271 7f1011098700         Options.allow_concurrent_memtable_write: 1
2025/05/10-21:13:49.714272 7f1011098700      Options.enable_write_thread_adaptive_yield: 1
2025/05/10-21:13:49.714272 7f1011098700             Options.write_thread_max_yield_usec: 100
2025/05/10-21:13:49.714273 7f1011098700            Options.write_thread_slow_yield_usec: 3
2025/05/10-21:13:49.714273 7f1011098700                               Options.row_cache: None
2025/05/10-21:13:49.714274 7f1011098700                              Options.wal_filter: None
2025/05/10-21:13:49.714275 7f1011098700             Options.avoid_flush_during_recovery: 0
2025/05/10-21:13:49.714275 7f1011098700             Options.allow_ingest_behind: 0
2025/05/10-21:13:49.714276 7f1011098700             Options.preserve_deletes: 0
2025/05/10-21:13:49.714276 7f1011098700             Options.two_write_queues: 0
2025/05/10-21:13:49.714277 7f1011098700             Options.manual_wal_flush: 0
2025/05/10-21:13:49.714278 7f1011098700             Options.max_background_jobs: 2
2025/05/10-21:13:49.714278 7f1011098700             Options.max_background_compactions: 4
2025/05/10-21:13:49.714279 7f1011098700             Options.avoid_flush_during_shutdown: 0
2025/05/10-21:13:49.714279 7f1011098700           Options.writable_file_max_buffer_size: 1048576
2025/05/10-21:13:49.714280 7f1011098700             Options.delayed_write_rate : 16777216
2025/05/10-21:13:49.714281 7f1011098700             Options.max_total_wal_size: 0
2025/05/10-21:13:49.714281 7f1011098700             Options.delete_obsolete_files_period_micros: 21600000000
2025/05/10-21:13:49.714282 7f1011098700                   Options.stats_dump_period_sec: 600
2025/05/10-21:13:49.714282 7f1011098700                          Options.max_open_files: -1
2025/05/10-21:13:49.714283 7f1011098700                          Options.bytes_per_sync: 0
2025/05/10-21:13:49.714284 7f1011098700                      Options.wal_bytes_per_sync: 0
2025/05/10-21:13:49.714284 7f1011098700       Options.compaction_readahead_size: 0
2025/05/10-21:13:49.714285 7f1011098700 Compression algorithms supported:
2025/05/10-21:13:49.714289 7f1011098700 	kZSTDNotFinalCompression supported: 1
2025/05/10-21:13:49.714291 7f1011098700 	kZSTD supported: 1
2025/05/10-21:13:49.714292 7f1011098700 	kXpressCompression supported: 0
2025/05/10-21:13:49.714293 7f1011098700 	kLZ4HCCompression supported: 1
2025/05/10-21:13:49.714294 7f1011098700 	kLZ4Compression supported: 1
2025/05/10-21:13:49.714295 7f1011098700 	kBZip2Compression supported: 1
2025/05/10-21:13:49.714296 7f1011098700 	kZlibCompression supported: 1
2025/05/10-21:13:49.714296 7f1011098700 	kSnappyCompression supported: 1
2025/05/10-21:13:49.714298 7f1011098700 Fast CRC32 supported: Not supported on x86
2025/05/10-21:13:49.717440 7f1011098700 [/version_set.cc:3508] Recovering from manifest file: MANIFEST-000131
2025/05/10-21:13:49.717971 7f1011098700 [/column_family.cc:474] --------------- Options for column family [default]:
2025/05/10-21:13:49.717979 7f1011098700               Options.comparator: leveldb.BytewiseComparator
2025/05/10-21:13:49.717982 7f1011098700           Options.merge_operator: StringAppendOperator
2025/05/10-21:13:49.717983 7f1011098700        Options.compaction_filter: None
2025/05/10-21:13:49.717984 7f1011098700        Options.compaction_filter_factory: None
2025/05/10-21:13:49.717985 7f1011098700         Options.memtable_factory: SkipListFactory
2025/05/10-21:13:49.717986 7f1011098700            Options.table_factory: BlockBasedTable
2025/05/10-21:13:49.718177 7f1011098700            table_factory options:   flush_block_policy_factory: FlushBlockBySizePolicyFactory (0x7f100ce11620)
  cache_index_and_filter_blocks: 0
  cache_index_and_filter_blocks_with_high_priority: 1
  pin_l0_filter_and_index_blocks_in_cache: 1
  pin_top_level_index_and_filter: 1
  index_type: 2
  hash_index_allow_collision: 1
  checksum: 1
  no_block_cache: 0
  block_cache: 0x7f100ce12490
  block_cache_name: LRUCache
  block_cache_options:
    capacity : 536870912
    num_shard_bits : 8
    strict_capacity_limit : 0
    memory_allocator : None
    high_pri_pool_ratio: 0.000
  block_cache_compressed: (nil)
  persistent_cache: (nil)
  block_size: 4096
  block_size_deviation: 10
  block_restart_interval: 16
  index_block_restart_interval: 1
  metadata_block_size: 8192
  partition_filters: 1
  use_delta_encoding: 1
  filter_policy: nullptr
  whole_key_filtering: 1
  verify_compression: 0
  read_amp_bytes_per_bit: 0
  format_version: 0
  enable_index_compression: 1
  block_align: 0
2025/05/10-21:13:49.718200 7f1011098700        Options.write_buffer_size: 134217728
2025/05/10-21:13:49.718202 7f1011098700  Options.max_write_buffer_number: 6
2025/05/10-21:13:49.718204 7f1011098700        Options.compression[0]: NoCompression
2025/05/10-21:13:49.718205 7f1011098700        Options.compression[1]: NoCompression
2025/05/10-21:13:49.718206 7f1011098700        Options.compression[2]: Snappy
2025/05/10-21:13:49.718206 7f1011098700        Options.compression[3]: Snappy
2025/05/10-21:13:49.718207 7f1011098700        Options.compression[4]: Snappy
2025/05/10-21:13:49.718208 7f1011098700        Options.compression[5]: Snappy
2025/05/10-21:13:49.718208 7f1011098700        Options.compression[6]: Snappy
2025/05/10-21:13:49.718209 7f1011098700                  Options.bottommost_compression: Disabled
2025/05/10-21:13:49.718210 7f1011098700       Options.prefix_extractor: rocksdb.FixedPrefix.8
2025/05/10-21:13:49.718211 7f1011098700   Options.memtable_insert_with_hint_prefix_extractor: nullptr
2025/05/10-21:13:49.718212 7f1011098700             Options.num_levels: 7
2025/05/10-21:13:49.718212 7f1011098700        Options.min_write_buffer_number_to_merge: 2
2025/05/10-21:13:49.718213 7f1011098700     Options.max_write_buffer_number_to_maintain: 0
2025/05/10-21:13:49.718214 7f1011098700            Options.bottommost_compression_opts.window_bits: -14
2025/05/10-21:13:49.718214 7f1011098700                  Options.bottommost_compression_opts.level: 32767
2025/05/10-21:13:49.718215 7f1011098700               Options.bottommost_compression_opts.strategy: 0
2025/05/10-21:13:49.718216 7f1011098700         Options.bottommost_compression_opts.max_dict_bytes: 0
2025/05/10-21:13:49.718216 7f1011098700         Options.bottommost_compression_opts.zstd_max_train_bytes: 0
2025/05/10-21:13:49.718217 7f1011098700                  Options.bottommost_compression_opts.enabled: false
2025/05/10-21:13:49.718218 7f1011098700            Options.compression_opts.window_bits: -14
2025/05/10-21:13:49.718219 7f1011098700                  Options.compression_opts.level: 32767
2025/05/10-21:13:49.718219 7f1011098700               Options.compression_opts.strategy: 0
2025/05/10-21:13:49.718220 7f1011098700         Options.compression_opts.max_dict_bytes: 0
2025/05/10-21:13:49.718220 7f1011098700         Options.compression_opts.zstd_max_train_bytes: 0
2025/05/10-21:13:49.718221 7f1011098700                  Options.compression_opts.enabled: false
2025/05/10-21:13:49.718222 7f1011098700      Options.level0_file_num_compaction_trigger: 2
2025/05/10-21:13:49.718222 7f1011098700          Options.level0_slowdown_writes_trigger: 20
2025/05/10-21:13:49.718223 7f1011098700              Options.level0_stop_writes_trigger: 40
2025/05/10-21:13:49.718224 7f1011098700                   Options.target_file_size_base: 67108864
2025/05/10-21:13:49.718224 7f1011098700             Options.target_file_size_multiplier: 1
2025/05/10-21:13:49.718225 7f1011098700                Options.max_bytes_for_level_base: 536870912
2025/05/10-21:13:49.718226 7f1011098700 Options.level_compaction_dynamic_level_bytes: 0
2025/05/10-21:13:49.718226 7f1011098700          Options.max_bytes_for_level_multiplier: 10.000000
2025/05/10-21:13:49.718237 7f1011098700 Options.max_bytes_for_level_multiplier_addtl[0]: 1
2025/05/10-21:13:49.718239 7f1011098700 Options.max_bytes_for_level_multiplier_addtl[1]: 1
2025/05/10-21:13:49.718241 7f1011098700 Options.max_bytes_for_level_multiplier_addtl[2]: 1
2025/05/10-21:13:49.718242 7f1011098700 Options.max_bytes_for_level_multiplier_addtl[3]: 1
2025/05/10-21:13:49.718244 7f1011098700 Options.max_bytes_for_level_multiplier_addtl[4]: 1
2025/05/10-21:13:49.718245 7f1011098700 Options.max_bytes_for_level_multiplier_addtl[5]: 1
2025/05/10-21:13:49.718246 7f1011098700 Options.max_bytes_for_level_multiplier_addtl[6]: 1
2025/05/10-21:13:49.718248 7f1011098700       Options.max_sequential_skip_in_iterations: 8
2025/05/10-21:13:49.718249 7f1011098700                    Options.max_compaction_bytes: 1677721600
2025/05/10-21:13:49.718251 7f1011098700                        Options.arena_block_size: 16777216
2025/05/10-21:13:49.718252 7f1011098700   Options.soft_pending_compaction_bytes_limit: 68719476736
2025/05/10-21:13:49.718253 7f1011098700   Options.hard_pending_compaction_bytes_limit: 274877906944
2025/05/10-21:13:49.718254 7f1011098700       Options.rate_limit_delay_max_milliseconds: 100
2025/05/10-21:13:49.718255 7f1011098700                Options.disable_auto_compactions: 0
2025/05/10-21:13:49.718258 7f1011098700                        Options.compaction_style: kCompactionStyleLevel
2025/05/10-21:13:49.718260 7f1011098700                          Options.compaction_pri: kByCompensatedSize
2025/05/10-21:13:49.718261 7f1011098700 Options.compaction_options_universal.size_ratio: 1
2025/05/10-21:13:49.718263 7f1011098700 Options.compaction_options_universal.min_merge_width: 2
2025/05/10-21:13:49.718264 7f1011098700 Options.compaction_options_universal.max_merge_width: 4294967295
2025/05/10-21:13:49.718265 7f1011098700 Options.compaction_options_universal.max_size_amplification_percent: 200
2025/05/10-21:13:49.718267 7f1011098700 Options.compaction_options_universal.compression_size_percent: -1
2025/05/10-21:13:49.718269 7f1011098700 Options.compaction_options_universal.stop_style: kCompactionStopStyleTotalSize
2025/05/10-21:13:49.718270 7f1011098700 Options.compaction_options_fifo.max_table_files_size: 1073741824
2025/05/10-21:13:49.718271 7f1011098700 Options.compaction_options_fifo.allow_compaction: 0
2025/05/10-21:13:49.718271 7f1011098700 Options.compaction_options_fifo.ttl: 0
2025/05/10-21:13:49.718272 7f1011098700                   Options.table_properties_collectors: 
2025/05/10-21:13:49.718273 7f1011098700                   Options.inplace_update_support: 0
2025/05/10-21:13:49.718273 7f1011098700                 Options.inplace_update_num_locks: 10000
2025/05/10-21:13:49.718274 7f1011098700               Options.memtable_prefix_bloom_size_ratio: 0.125000
2025/05/10-21:13:49.718275 7f1011098700   Options.memtable_huge_page_size: 0
2025/05/10-21:13:49.718276 7f1011098700                           Options.bloom_locality: 0
2025/05/10-21:13:49.718276 7f1011098700                    Options.max_successive_merges: 0
2025/05/10-21:13:49.718349 7f1011098700                Options.optimize_filters_for_hits: 0
2025/05/10-21:13:49.718349 7f1011098700                Options.paranoid_file_checks: 0
2025/05/10-21:13:49.718350 7f1011098700                Options.force_consistency_checks: 1
2025/05/10-21:13:49.718351 7f1011098700                Options.report_bg_io_stats: 0
2025/05/10-21:13:49.718351 7f1011098700                               Options.ttl: 0
2025/05/10-21:13:49.731293 7f1011098700 [/column_family.cc:474] --------------- Options for column family [Configuration]:
2025/05/10-21:13:49.731309 7f1011098700               Options.comparator: leveldb.BytewiseComparator
2025/05/10-21:13:49.731311 7f1011098700           Options.merge_operator: StringAppendOperator
2025/05/10-21:13:49.731313 7f1011098700        Options.compaction_filter: None
2025/05/10-21:13:49.731314 7f1011098700        Options.compaction_filter_factory: None
2025/05/10-21:13:49.731315 7f1011098700         Options.memtable_factory: SkipListFactory
2025/05/10-21:13:49.731336 7f1011098700            Options.table_factory: BlockBasedTable
2025/05/10-21:13:49.731356 7f1011098700            table_factory options:   flush_block_policy_factory: FlushBlockBySizePolicyFactory (0x7f100ce11620)
  cache_index_and_filter_blocks: 0
  cache_index_and_filter_blocks_with_high_priority: 1
  pin_l0_filter_and_index_blocks_in_cache: 1
  pin_top_level_index_and_filter: 1
  index_type: 2
  hash_index_allow_collision: 1
  checksum: 1
  no_block_cache: 0
  block_cache: 0x7f100ce12490
  block_cache_name: LRUCache
  block_cache_options:
    capacity : 536870912
    num_shard_bits : 8
    strict_capacity_limit : 0
    memory_allocator : None
    high_pri_pool_ratio: 0.000
  block_cache_compressed: (nil)
  persistent_cache: (nil)
  block_size: 4096
  block_size_deviation: 10
  block_restart_interval: 16
  index_block_restart_interval: 1
  metadata_block_size: 8192
  partition_filters: 1
  use_delta_encoding: 1
  filter_policy: nullptr
  whole_key_filtering: 1
  verify_compression: 0
  read_amp_bytes_per_bit: 0
  format_version: 0
  enable_index_compression: 1
  block_align: 0
2025/05/10-21:13:49.731357 7f1011098700        Options.write_buffer_size: 134217728
2025/05/10-21:13:49.731358 7f1011098700  Options.max_write_buffer_number: 6
2025/05/10-21:13:49.731362 7f1011098700        Options.compression[0]: NoCompression
2025/05/10-21:13:49.731362 7f1011098700        Options.compression[1]: NoCompression
2025/05/10-21:13:49.731363 7f1011098700        Options.compression[2]: Snappy
2025/05/10-21:13:49.731364 7f1011098700        Options.compression[3]: Snappy
2025/05/10-21:13:49.731365 7f1011098700        Options.compression[4]: Snappy
2025/05/10-21:13:49.731365 7f1011098700        Options.compression[5]: Snappy
2025/05/10-21:13:49.731366 7f1011098700        Options.compression[6]: Snappy
2025/05/10-21:13:49.731366 7f1011098700                  Options.bottommost_compression: Disabled
2025/05/10-21:13:49.731368 7f1011098700       Options.prefix_extractor: rocksdb.FixedPrefix.8
2025/05/10-21:13:49.731368 7f1011098700   Options.memtable_insert_with_hint_prefix_extractor: nullptr
2025/05/10-21:13:49.731369 7f1011098700             Options.num_levels: 7
2025/05/10-21:13:49.731370 7f1011098700        Options.min_write_buffer_number_to_merge: 2
2025/05/10-21:13:49.731370 7f1011098700     Options.max_write_buffer_number_to_maintain: 0
2025/05/10-21:13:49.731371 7f1011098700            Options.bottommost_compression_opts.window_bits: -14
2025/05/10-21:13:49.731372 7f1011098700                  Options.bottommost_compression_opts.level: 32767
2025/05/10-21:13:49.731372 7f1011098700               Options.bottommost_compression_opts.strategy: 0
2025/05/10-21:13:49.731373 7f1011098700         Options.bottommost_compression_opts.max_dict_bytes: 0
2025/05/10-21:13:49.731374 7f1011098700         Options.bottommost_compression_opts.zstd_max_train_bytes: 0
2025/05/10-21:13:49.731375 7f1011098700                  Options.bottommost_compression_opts.enabled: false
2025/05/10-21:13:49.731375 7f1011098700            Options.compression_opts.window_bits: -14
2025/05/10-21:13:49.731376 7f1011098700                  Options.compression_opts.level: 32767
2025/05/10-21:13:49.731377 7f1011098700               Options.compression_opts.strategy: 0
2025/05/10-21:13:49.731377 7f1011098700         Options.compression_opts.max_dict_bytes: 0
2025/05/10-21:13:49.731378 7f1011098700         Options.compression_opts.zstd_max_train_bytes: 0
2025/05/10-21:13:49.731379 7f1011098700                  Options.compression_opts.enabled: false
2025/05/10-21:13:49.731379 7f1011098700      Options.level0_file_num_compaction_trigger: 2
2025/05/10-21:13:49.731380 7f1011098700          Options.level0_slowdown_writes_trigger: 20
2025/05/10-21:13:49.731381 7f1011098700              Options.level0_stop_writes_trigger: 40
2025/05/10-21:13:49.731381 7f1011098700                   Options.target_file_size_base: 67108864
2025/05/10-21:13:49.731382 7f1011098700             Options.target_file_size_multiplier: 1
2025/05/10-21:13:49.731387 7f1011098700                Options.max_bytes_for_level_base: 536870912
2025/05/10-21:13:49.731388 7f1011098700 Options.level_compaction_dynamic_level_bytes: 0
2025/05/10-21:13:49.731389 7f1011098700          Options.max_bytes_for_level_multiplier: 10.000000
2025/05/10-21:13:49.731391 7f1011098700 Options.max_bytes_for_level_multiplier_addtl[0]: 1
2025/05/10-21:13:49.731392 7f1011098700 Options.max_bytes_for_level_multiplier_addtl[1]: 1
2025/05/10-21:13:49.731392 7f1011098700 Options.max_bytes_for_level_multiplier_addtl[2]: 1
2025/05/10-21:13:49.731393 7f1011098700 Options.max_bytes_for_level_multiplier_addtl[3]: 1
2025/05/10-21:13:49.731393 7f1011098700 Options.max_bytes_for_level_multiplier_addtl[4]: 1
2025/05/10-21:13:49.731394 7f1011098700 Options.max_bytes_for_level_multiplier_addtl[5]: 1
2025/05/10-21:13:49.731395 7f1011098700 Options.max_bytes_for_level_multiplier_addtl[6]: 1
2025/05/10-21:13:49.731395 7f1011098700       Options.max_sequential_skip_in_iterations: 8
2025/05/10-21:13:49.731396 7f1011098700                    Options.max_compaction_bytes: 1677721600
2025/05/10-21:13:49.731396 7f1011098700                        Options.arena_block_size: 16777216
2025/05/10-21:13:49.731397 7f1011098700   Options.soft_pending_compaction_bytes_limit: 68719476736
2025/05/10-21:13:49.731398 7f1011098700   Options.hard_pending_compaction_bytes_limit: 274877906944
2025/05/10-21:13:49.731398 7f1011098700       Options.rate_limit_delay_max_milliseconds: 100
2025/05/10-21:13:49.731399 7f1011098700                Options.disable_auto_compactions: 0
2025/05/10-21:13:49.731400 7f1011098700                        Options.compaction_style: kCompactionStyleLevel
2025/05/10-21:13:49.731401 7f1011098700                          Options.compaction_pri: kByCompensatedSize
2025/05/10-21:13:49.731402 7f1011098700 Options.compaction_options_universal.size_ratio: 1
2025/05/10-21:13:49.731403 7f1011098700 Options.compaction_options_universal.min_merge_width: 2
2025/05/10-21:13:49.731403 7f1011098700 Options.compaction_options_universal.max_merge_width: 4294967295
2025/05/10-21:13:49.731404 7f1011098700 Options.compaction_options_universal.max_size_amplification_percent: 200
2025/05/10-21:13:49.731405 7f1011098700 Options.compaction_options_universal.compression_size_percent: -1
2025/05/10-21:13:49.731406 7f1011098700 Options.compaction_options_universal.stop_style: kCompactionStopStyleTotalSize
2025/05/10-21:13:49.731407 7f1011098700 Options.compaction_options_fifo.max_table_files_size: 1073741824
2025/05/10-21:13:49.731408 7f1011098700 Options.compaction_options_fifo.allow_compaction: 0
2025/05/10-21:13:49.731408 7f1011098700 Options.compaction_options_fifo.ttl: 0
2025/05/10-21:13:49.731409 7f1011098700                   Options.table_properties_collectors: 
2025/05/10-21:13:49.731410 7f1011098700                   Options.inplace_update_support: 0
2025/05/10-21:13:49.731410 7f1011098700                 Options.inplace_update_num_locks: 10000
2025/05/10-21:13:49.731411 7f1011098700               Options.memtable_prefix_bloom_size_ratio: 0.125000
2025/05/10-21:13:49.731412 7f1011098700   Options.memtable_huge_page_size: 0
2025/05/10-21:13:49.731412 7f1011098700                           Options.bloom_locality: 0
2025/05/10-21:13:49.731413 7f1011098700                    Options.max_successive_merges: 0
2025/05/10-21:13:49.731414 7f1011098700                Options.optimize_filters_for_hits: 0
2025/05/10-21:13:49.731414 7f1011098700                Options.paranoid_file_checks: 0
2025/05/10-21:13:49.731415 7f1011098700                Options.force_consistency_checks: 1
2025/05/10-21:13:49.731415 7f1011098700                Options.report_bg_io_stats: 0
2025/05/10-21:13:49.731416 7f1011098700                               Options.ttl: 0
2025/05/10-21:13:49.776566 7f1011098700 [/version_set.cc:3724] Recovered from manifest file:/home/nacos/data/protocol/raft/naming_instance_metadata/log/MANIFEST-000131 succeeded,manifest_file_number is 131, next_file_number is 134, last_sequence is 173, log_number is 0,prev_log_number is 0,max_column_family is 1,min_log_number_to_keep is 0
2025/05/10-21:13:49.776603 7f1011098700 [/version_set.cc:3732] Column family [default] (ID 0), log number is 125
2025/05/10-21:13:49.776606 7f1011098700 [/version_set.cc:3732] Column family [Configuration] (ID 1), log number is 125
2025/05/10-21:13:49.776775 7f1011098700 EVENT_LOG_v1 {"time_micros": 1746882829776767, "job": 1, "event": "recovery_started", "log_files": [133]}
2025/05/10-21:13:49.776780 7f1011098700 [/db_impl_open.cc:578] Recovering log #133 mode 2
2025/05/10-21:13:49.780566 7f1011098700 EVENT_LOG_v1 {"time_micros": 1746882829780553, "cf_name": "default", "job": 1, "event": "table_file_creation", "file_number": 134, "file_size": 754, "table_properties": {"data_size": 0, "index_size": 13, "filter_size": 0, "raw_key_size": 32, "raw_average_key_size": 0, "raw_value_size": 16, "raw_average_value_size": 0, "num_data_blocks": 0, "num_entries": 0, "filter_policy_name": ""}}
2025/05/10-21:13:49.782641 7f1011098700 [/version_set.cc:3037] Creating manifest 135
2025/05/10-21:13:49.867804 7f1011098700 EVENT_LOG_v1 {"time_micros": 1746882829867789, "cf_name": "Configuration", "job": 1, "event": "table_file_creation", "file_number": 136, "file_size": 890, "table_properties": {"data_size": 50, "index_size": 49, "filter_size": 0, "raw_key_size": 58, "raw_average_key_size": 58, "raw_value_size": 24, "raw_average_value_size": 24, "num_data_blocks": 1, "num_entries": 1, "filter_policy_name": ""}}
2025/05/10-21:13:49.878327 7f1011098700 EVENT_LOG_v1 {"time_micros": 1746882829878321, "job": 1, "event": "recovery_finished"}
2025/05/10-21:13:49.915647 7f1011098700 [/db_impl_open.cc:1314] DB pointer 0x7f100ced6bd0
2025/05/10-21:13:49.916486 7f0f6daf1700 [WARN] [/db_impl.cc:669] ------- DUMPING STATS -------
2025/05/10-21:13:49.916529 7f0f6daf1700 [WARN] [/db_impl.cc:670] 
** DB Stats **
Uptime(secs): 0.2 total, 0.2 interval
Cumulative writes: 0 writes, 0 keys, 0 commit groups, 0.0 writes per commit group, ingest: 0.00 GB, 0.00 MB/s
Cumulative WAL: 0 writes, 0 syncs, 0.00 writes per sync, written: 0.00 GB, 0.00 MB/s
Cumulative stall: 00:00:0.000 H:M:S, 0.0 percent
Interval writes: 0 writes, 0 keys, 0 commit groups, 0.0 writes per commit group, ingest: 0.00 MB, 0.00 MB/s
Interval WAL: 0 writes, 0 syncs, 0.00 writes per sync, written: 0.00 MB, 0.00 MB/s
Interval stall: 00:00:0.000 H:M:S, 0.0 percent

** Compaction Stats [default] **
Level    Files   Size     Score Read(GB)  Rn(GB) Rnp1(GB) Write(GB) Wnew(GB) Moved(GB) W-Amp Rd(MB/s) Wr(MB/s) Comp(sec) Comp(cnt) Avg(sec) KeyIn KeyDrop
----------------------------------------------------------------------------------------------------------------------------------------------------------
  L0      2/0    1.47 KB   1.0      0.0     0.0      0.0       0.0      0.0       0.0   1.0      0.0      0.2         0         1    0.003       0      0
  L1      1/0    0.78 KB   0.0      0.0     0.0      0.0       0.0      0.0       0.0   0.0      0.0      0.0         0         0    0.000       0      0
 Sum      3/0    2.25 KB   0.0      0.0     0.0      0.0       0.0      0.0       0.0   1.0      0.0      0.2         0         1    0.003       0      0
 Int      0/0    0.00 KB   0.0      0.0     0.0      0.0       0.0      0.0       0.0   1.0      0.0      0.2         0         1    0.003       0      0
Uptime(secs): 0.2 total, 0.2 interval
Flush(GB): cumulative 0.000, interval 0.000
AddFile(GB): cumulative 0.000, interval 0.000
AddFile(Total Files): cumulative 0, interval 0
AddFile(L0 Files): cumulative 0, interval 0
AddFile(Keys): cumulative 0, interval 0
Cumulative compaction: 0.00 GB write, 0.00 MB/s write, 0.00 GB read, 0.00 MB/s read, 0.0 seconds
Interval compaction: 0.00 GB write, 0.00 MB/s write, 0.00 GB read, 0.00 MB/s read, 0.0 seconds
Stalls(count): 0 level0_slowdown, 0 level0_slowdown_with_compaction, 0 level0_numfiles, 0 level0_numfiles_with_compaction, 0 stop for pending_compaction_bytes, 0 slowdown for pending_compaction_bytes, 0 memtable_compaction, 0 memtable_slowdown, interval 0 total count

** File Read Latency Histogram By Level [default] **
** Level 0 read latency histogram (micros):
Count: 10 Average: 26.2000  StdDev: 72.62
Min: 1  Median: 1.0000  Max: 244
Percentiles: P50: 1.00 P75: 1.83 P99: 242.00 P99.9: 244.00 P99.99: 244.00
------------------------------------------------------
[       0,       1 ]        5  50.000%  50.000% ##########
(       1,       2 ]        3  30.000%  80.000% ######
(       6,      10 ]        1  10.000%  90.000% ##
(     170,     250 ]        1  10.000% 100.000% ##

** Level 1 read latency histogram (micros):
Count: 4 Average: 5592.7500  StdDev: 9681.73
Min: 2  Median: 3.0000  Max: 22362
Percentiles: P50: 3.00 P75: 4.00 P99: 22362.00 P99.9: 22362.00 P99.99: 22362.00
------------------------------------------------------
(       1,       2 ]        1  25.000%  25.000% #####
(       2,       3 ]        1  25.000%  50.000% #####
(       3,       4 ]        1  25.000%  75.000% #####
(   22000,   33000 ]        1  25.000% 100.000% #####


** Compaction Stats [Configuration] **
Level    Files   Size     Score Read(GB)  Rn(GB) Rnp1(GB) Write(GB) Wnew(GB) Moved(GB) W-Amp Rd(MB/s) Wr(MB/s) Comp(sec) Comp(cnt) Avg(sec) KeyIn KeyDrop
----------------------------------------------------------------------------------------------------------------------------------------------------------
  L0      2/0    1.74 KB   1.0      0.0     0.0      0.0       0.0      0.0       0.0   1.0      0.0      0.1         0         1    0.016       0      0
  L1      1/0    0.82 KB   0.0      0.0     0.0      0.0       0.0      0.0       0.0   0.0      0.0      0.0         0         0    0.000       0      0
 Sum      3/0    2.56 KB   0.0      0.0     0.0      0.0       0.0      0.0       0.0   1.0      0.0      0.1         0         1    0.016       0      0
 Int      0/0    0.00 KB   0.0      0.0     0.0      0.0       0.0      0.0       0.0   1.0      0.0      0.1         0         1    0.016       0      0
Uptime(secs): 0.2 total, 0.2 interval
Flush(GB): cumulative 0.000, interval 0.000
AddFile(GB): cumulative 0.000, interval 0.000
AddFile(Total Files): cumulative 0, interval 0
AddFile(L0 Files): cumulative 0, interval 0
AddFile(Keys): cumulative 0, interval 0
Cumulative compaction: 0.00 GB write, 0.00 MB/s write, 0.00 GB read, 0.00 MB/s read, 0.0 seconds
Interval compaction: 0.00 GB write, 0.00 MB/s write, 0.00 GB read, 0.00 MB/s read, 0.0 seconds
Stalls(count): 0 level0_slowdown, 0 level0_slowdown_with_compaction, 0 level0_numfiles, 0 level0_numfiles_with_compaction, 0 stop for pending_compaction_bytes, 0 slowdown for pending_compaction_bytes, 0 memtable_compaction, 0 memtable_slowdown, interval 0 total count

** File Read Latency Histogram By Level [Configuration] **
** Level 0 read latency histogram (micros):
Count: 14 Average: 372.7857  StdDev: 1324.43
Min: 1  Median: 1.8000  Max: 5148
Percentiles: P50: 1.80 P75: 5.00 P99: 5148.00 P99.9: 5148.00 P99.99: 5148.00
------------------------------------------------------
[       0,       1 ]        3  21.429%  21.429% ####
(       1,       2 ]        5  35.714%  57.143% #######
(       2,       3 ]        2  14.286%  71.429% ###
(       4,       6 ]        1   7.143%  78.571% #
(      10,      15 ]        1   7.143%  85.714% #
(      22,      34 ]        1   7.143%  92.857% #
(    4400,    6600 ]        1   7.143% 100.000% #

** Level 1 read latency histogram (micros):
Count: 6 Average: 797.3333  StdDev: 1777.53
Min: 1  Median: 2.0000  Max: 4772
Percentiles: P50: 2.00 P75: 3.50 P99: 4772.00 P99.9: 4772.00 P99.99: 4772.00
------------------------------------------------------
[       0,       1 ]        1  16.667%  16.667% ###
(       1,       2 ]        2  33.333%  50.000% #######
(       2,       3 ]        1  16.667%  66.667% ###
(       3,       4 ]        1  16.667%  83.333% ###
(    4400,    6600 ]        1  16.667% 100.000% ###


** Compaction Stats [default] **
Level    Files   Size     Score Read(GB)  Rn(GB) Rnp1(GB) Write(GB) Wnew(GB) Moved(GB) W-Amp Rd(MB/s) Wr(MB/s) Comp(sec) Comp(cnt) Avg(sec) KeyIn KeyDrop
----------------------------------------------------------------------------------------------------------------------------------------------------------
  L0      2/0    1.47 KB   1.0      0.0     0.0      0.0       0.0      0.0       0.0   1.0      0.0      0.2         0         1    0.003       0      0
  L1      1/0    0.78 KB   0.0      0.0     0.0      0.0       0.0      0.0       0.0   0.0      0.0      0.0         0         0    0.000       0      0
 Sum      3/0    2.25 KB   0.0      0.0     0.0      0.0       0.0      0.0       0.0   1.0      0.0      0.2         0         1    0.003       0      0
 Int      0/0    0.00 KB   0.0      0.0     0.0      0.0       0.0      0.0       0.0   0.0      0.0      0.0         0         0    0.000       0      0
Uptime(secs): 0.2 total, 0.0 interval
Flush(GB): cumulative 0.000, interval 0.000
AddFile(GB): cumulative 0.000, interval 0.000
AddFile(Total Files): cumulative 0, interval 0
AddFile(L0 Files): cumulative 0, interval 0
AddFile(Keys): cumulative 0, interval 0
Cumulative compaction: 0.00 GB write, 0.00 MB/s write, 0.00 GB read, 0.00 MB/s read, 0.0 seconds
Interval compaction: 0.00 GB write, 0.00 MB/s write, 0.00 GB read, 0.00 MB/s read, 0.0 seconds
Stalls(count): 0 level0_slowdown, 0 level0_slowdown_with_compaction, 0 level0_numfiles, 0 level0_numfiles_with_compaction, 0 stop for pending_compaction_bytes, 0 slowdown for pending_compaction_bytes, 0 memtable_compaction, 0 memtable_slowdown, interval 0 total count

** File Read Latency Histogram By Level [default] **
** Level 0 read latency histogram (micros):
Count: 10 Average: 26.2000  StdDev: 72.62
Min: 1  Median: 1.0000  Max: 244
Percentiles: P50: 1.00 P75: 1.83 P99: 242.00 P99.9: 244.00 P99.99: 244.00
------------------------------------------------------
[       0,       1 ]        5  50.000%  50.000% ##########
(       1,       2 ]        3  30.000%  80.000% ######
(       6,      10 ]        1  10.000%  90.000% ##
(     170,     250 ]        1  10.000% 100.000% ##

** Level 1 read latency histogram (micros):
Count: 4 Average: 5592.7500  StdDev: 9681.73
Min: 2  Median: 3.0000  Max: 22362
Percentiles: P50: 3.00 P75: 4.00 P99: 22362.00 P99.9: 22362.00 P99.99: 22362.00
------------------------------------------------------
(       1,       2 ]        1  25.000%  25.000% #####
(       2,       3 ]        1  25.000%  50.000% #####
(       3,       4 ]        1  25.000%  75.000% #####
(   22000,   33000 ]        1  25.000% 100.000% #####


** Compaction Stats [Configuration] **
Level    Files   Size     Score Read(GB)  Rn(GB) Rnp1(GB) Write(GB) Wnew(GB) Moved(GB) W-Amp Rd(MB/s) Wr(MB/s) Comp(sec) Comp(cnt) Avg(sec) KeyIn KeyDrop
----------------------------------------------------------------------------------------------------------------------------------------------------------
  L0      2/0    1.74 KB   1.0      0.0     0.0      0.0       0.0      0.0       0.0   1.0      0.0      0.1         0         1    0.016       0      0
  L1      1/0    0.82 KB   0.0      0.0     0.0      0.0       0.0      0.0       0.0   0.0      0.0      0.0         0         0    0.000       0      0
 Sum      3/0    2.56 KB   0.0      0.0     0.0      0.0       0.0      0.0       0.0   1.0      0.0      0.1         0         1    0.016       0      0
 Int      0/0    0.00 KB   0.0      0.0     0.0      0.0       0.0      0.0       0.0   0.0      0.0      0.0         0         0    0.000       0      0
Uptime(secs): 0.2 total, 0.0 interval
Flush(GB): cumulative 0.000, interval 0.000
AddFile(GB): cumulative 0.000, interval 0.000
AddFile(Total Files): cumulative 0, interval 0
AddFile(L0 Files): cumulative 0, interval 0
AddFile(Keys): cumulative 0, interval 0
Cumulative compaction: 0.00 GB write, 0.00 MB/s write, 0.00 GB read, 0.00 MB/s read, 0.0 seconds
Interval compaction: 0.00 GB write, 0.00 MB/s write, 0.00 GB read, 0.00 MB/s read, 0.0 seconds
Stalls(count): 0 level0_slowdown, 0 level0_slowdown_with_compaction, 0 level0_numfiles, 0 level0_numfiles_with_compaction, 0 stop for pending_compaction_bytes, 0 slowdown for pending_compaction_bytes, 0 memtable_compaction, 0 memtable_slowdown, interval 0 total count

** File Read Latency Histogram By Level [Configuration] **
** Level 0 read latency histogram (micros):
Count: 14 Average: 372.7857  StdDev: 1324.43
Min: 1  Median: 1.8000  Max: 5148
Percentiles: P50: 1.80 P75: 5.00 P99: 5148.00 P99.9: 5148.00 P99.99: 5148.00
------------------------------------------------------
[       0,       1 ]        3  21.429%  21.429% ####
(       1,       2 ]        5  35.714%  57.143% #######
(       2,       3 ]        2  14.286%  71.429% ###
(       4,       6 ]        1   7.143%  78.571% #
(      10,      15 ]        1   7.143%  85.714% #
(      22,      34 ]        1   7.143%  92.857% #
(    4400,    6600 ]        1   7.143% 100.000% #

** Level 1 read latency histogram (micros):
Count: 6 Average: 797.3333  StdDev: 1777.53
Min: 1  Median: 2.0000  Max: 4772
Percentiles: P50: 2.00 P75: 3.50 P99: 4772.00 P99.9: 4772.00 P99.99: 4772.00
------------------------------------------------------
[       0,       1 ]        1  16.667%  16.667% ###
(       1,       2 ]        2  33.333%  50.000% #######
(       2,       3 ]        1  16.667%  66.667% ###
(       3,       4 ]        1  16.667%  83.333% ###
(    4400,    6600 ]        1  16.667% 100.000% ###

2025/05/10-21:13:49.916762 7f0f6daf1700 [WARN] [/db_impl.cc:617] STATISTICS:
 rocksdb.block.cache.miss COUNT : 10
rocksdb.block.cache.hit COUNT : 2
rocksdb.block.cache.add COUNT : 10
rocksdb.block.cache.add.failures COUNT : 0
rocksdb.block.cache.index.miss COUNT : 3
rocksdb.block.cache.index.hit COUNT : 2
rocksdb.block.cache.index.add COUNT : 3
rocksdb.block.cache.index.bytes.insert COUNT : 384
rocksdb.block.cache.index.bytes.evict COUNT : 0
rocksdb.block.cache.filter.miss COUNT : 0
rocksdb.block.cache.filter.hit COUNT : 0
rocksdb.block.cache.filter.add COUNT : 0
rocksdb.block.cache.filter.bytes.insert COUNT : 0
rocksdb.block.cache.filter.bytes.evict COUNT : 0
rocksdb.block.cache.data.miss COUNT : 7
rocksdb.block.cache.data.hit COUNT : 0
rocksdb.block.cache.data.add COUNT : 7
rocksdb.block.cache.data.bytes.insert COUNT : 1120
rocksdb.block.cache.bytes.read COUNT : 256
rocksdb.block.cache.bytes.write COUNT : 1504
rocksdb.bloom.filter.useful COUNT : 0
rocksdb.bloom.filter.full.positive COUNT : 0
rocksdb.bloom.filter.full.true.positive COUNT : 0
rocksdb.persistent.cache.hit COUNT : 0
rocksdb.persistent.cache.miss COUNT : 0
rocksdb.sim.block.cache.hit COUNT : 0
rocksdb.sim.block.cache.miss COUNT : 0
rocksdb.memtable.hit COUNT : 0
rocksdb.memtable.miss COUNT : 0
rocksdb.l0.hit COUNT : 0
rocksdb.l1.hit COUNT : 0
rocksdb.l2andup.hit COUNT : 0
rocksdb.compaction.key.drop.new COUNT : 0
rocksdb.compaction.key.drop.obsolete COUNT : 0
rocksdb.compaction.key.drop.range_del COUNT : 0
rocksdb.compaction.key.drop.user COUNT : 0
rocksdb.compaction.range_del.drop.obsolete COUNT : 0
rocksdb.compaction.optimized.del.drop.obsolete COUNT : 0
rocksdb.compaction.cancelled COUNT : 0
rocksdb.number.keys.written COUNT : 0
rocksdb.number.keys.read COUNT : 0
rocksdb.number.keys.updated COUNT : 0
rocksdb.bytes.written COUNT : 0
rocksdb.bytes.read COUNT : 0
