2025/05/10-21:13:50.257116 7f1011098700 RocksDB version: 5.18.4
2025/05/10-21:13:50.257158 7f1011098700 Git sha rocksdb_build_git_sha:
2025/05/10-21:13:50.257160 7f1011098700 Compile date Mar 11 2020
2025/05/10-21:13:50.257162 7f1011098700 DB SUMMARY
2025/05/10-21:13:50.261266 7f1011098700 CURRENT file:  CURRENT
2025/05/10-21:13:50.261277 7f1011098700 IDENTITY file:  IDENTITY
2025/05/10-21:13:50.266523 7f1011098700 MANIFEST file:  MANIFEST-000131 size: 344 Bytes
2025/05/10-21:13:50.266545 7f1011098700 SST files in /home/nacos/data/protocol/raft/naming_service_metadata/log dir, Total Num: 4, files: 000127.sst 000128.sst 000130.sst 000132.sst 
2025/05/10-21:13:50.266547 7f1011098700 Write Ahead Log file in /home/nacos/data/protocol/raft/naming_service_metadata/log: 000133.log size: 549 ; 
2025/05/10-21:13:50.266555 7f1011098700                         Options.error_if_exists: 0
2025/05/10-21:13:50.266556 7f1011098700                       Options.create_if_missing: 1
2025/05/10-21:13:50.266557 7f1011098700                         Options.paranoid_checks: 1
2025/05/10-21:13:50.266557 7f1011098700                                     Options.env: 0x7f0f776b0fa0
2025/05/10-21:13:50.266558 7f1011098700                                Options.info_log: 0x7f100cd5f390
2025/05/10-21:13:50.266559 7f1011098700                Options.max_file_opening_threads: 16
2025/05/10-21:13:50.266560 7f1011098700                              Options.statistics: 0x7f100d508420
2025/05/10-21:13:50.266561 7f1011098700                               Options.use_fsync: 0
2025/05/10-21:13:50.266561 7f1011098700                       Options.max_log_file_size: 0
2025/05/10-21:13:50.266562 7f1011098700                  Options.max_manifest_file_size: 1073741824
2025/05/10-21:13:50.266563 7f1011098700                   Options.log_file_time_to_roll: 0
2025/05/10-21:13:50.266564 7f1011098700                       Options.keep_log_file_num: 1000
2025/05/10-21:13:50.266564 7f1011098700                    Options.recycle_log_file_num: 0
2025/05/10-21:13:50.266565 7f1011098700                         Options.allow_fallocate: 1
2025/05/10-21:13:50.266566 7f1011098700                        Options.allow_mmap_reads: 0
2025/05/10-21:13:50.266567 7f1011098700                       Options.allow_mmap_writes: 0
2025/05/10-21:13:50.266567 7f1011098700                        Options.use_direct_reads: 0
2025/05/10-21:13:50.266568 7f1011098700                        Options.use_direct_io_for_flush_and_compaction: 0
2025/05/10-21:13:50.266568 7f1011098700          Options.create_missing_column_families: 1
2025/05/10-21:13:50.266569 7f1011098700                              Options.db_log_dir: 
2025/05/10-21:13:50.266570 7f1011098700                                 Options.wal_dir: /home/nacos/data/protocol/raft/naming_service_metadata/log
2025/05/10-21:13:50.266571 7f1011098700                Options.table_cache_numshardbits: 6
2025/05/10-21:13:50.266572 7f1011098700                      Options.max_subcompactions: 1
2025/05/10-21:13:50.266572 7f1011098700                  Options.max_background_flushes: 1
2025/05/10-21:13:50.266573 7f1011098700                         Options.WAL_ttl_seconds: 0
2025/05/10-21:13:50.266574 7f1011098700                       Options.WAL_size_limit_MB: 0
2025/05/10-21:13:50.266574 7f1011098700             Options.manifest_preallocation_size: 4194304
2025/05/10-21:13:50.266575 7f1011098700                     Options.is_fd_close_on_exec: 1
2025/05/10-21:13:50.266576 7f1011098700                   Options.advise_random_on_open: 1
2025/05/10-21:13:50.266576 7f1011098700                    Options.db_write_buffer_size: 0
2025/05/10-21:13:50.266577 7f1011098700                    Options.write_buffer_manager: 0x7f100ca4b1f0
2025/05/10-21:13:50.266577 7f1011098700         Options.access_hint_on_compaction_start: 1
2025/05/10-21:13:50.266578 7f1011098700  Options.new_table_reader_for_compaction_inputs: 0
2025/05/10-21:13:50.266579 7f1011098700           Options.random_access_max_buffer_size: 1048576
2025/05/10-21:13:50.266579 7f1011098700                      Options.use_adaptive_mutex: 0
2025/05/10-21:13:50.266580 7f1011098700                            Options.rate_limiter: (nil)
2025/05/10-21:13:50.266610 7f1011098700     Options.sst_file_manager.rate_bytes_per_sec: 0
2025/05/10-21:13:50.266611 7f1011098700                       Options.wal_recovery_mode: 2
2025/05/10-21:13:50.266612 7f1011098700                  Options.enable_thread_tracking: 0
2025/05/10-21:13:50.266612 7f1011098700                  Options.enable_pipelined_write: 0
2025/05/10-21:13:50.266613 7f1011098700         Options.allow_concurrent_memtable_write: 1
2025/05/10-21:13:50.266614 7f1011098700      Options.enable_write_thread_adaptive_yield: 1
2025/05/10-21:13:50.266614 7f1011098700             Options.write_thread_max_yield_usec: 100
2025/05/10-21:13:50.266615 7f1011098700            Options.write_thread_slow_yield_usec: 3
2025/05/10-21:13:50.266615 7f1011098700                               Options.row_cache: None
2025/05/10-21:13:50.266616 7f1011098700                              Options.wal_filter: None
2025/05/10-21:13:50.266617 7f1011098700             Options.avoid_flush_during_recovery: 0
2025/05/10-21:13:50.266618 7f1011098700             Options.allow_ingest_behind: 0
2025/05/10-21:13:50.266618 7f1011098700             Options.preserve_deletes: 0
2025/05/10-21:13:50.266619 7f1011098700             Options.two_write_queues: 0
2025/05/10-21:13:50.266619 7f1011098700             Options.manual_wal_flush: 0
2025/05/10-21:13:50.266620 7f1011098700             Options.max_background_jobs: 2
2025/05/10-21:13:50.266621 7f1011098700             Options.max_background_compactions: 4
2025/05/10-21:13:50.266621 7f1011098700             Options.avoid_flush_during_shutdown: 0
2025/05/10-21:13:50.266622 7f1011098700           Options.writable_file_max_buffer_size: 1048576
2025/05/10-21:13:50.266623 7f1011098700             Options.delayed_write_rate : 16777216
2025/05/10-21:13:50.266623 7f1011098700             Options.max_total_wal_size: 0
2025/05/10-21:13:50.266624 7f1011098700             Options.delete_obsolete_files_period_micros: 21600000000
2025/05/10-21:13:50.266625 7f1011098700                   Options.stats_dump_period_sec: 600
2025/05/10-21:13:50.266625 7f1011098700                          Options.max_open_files: -1
2025/05/10-21:13:50.266626 7f1011098700                          Options.bytes_per_sync: 0
2025/05/10-21:13:50.266627 7f1011098700                      Options.wal_bytes_per_sync: 0
2025/05/10-21:13:50.266627 7f1011098700       Options.compaction_readahead_size: 0
2025/05/10-21:13:50.266628 7f1011098700 Compression algorithms supported:
2025/05/10-21:13:50.266630 7f1011098700 	kZSTDNotFinalCompression supported: 1
2025/05/10-21:13:50.266631 7f1011098700 	kZSTD supported: 1
2025/05/10-21:13:50.266632 7f1011098700 	kXpressCompression supported: 0
2025/05/10-21:13:50.266633 7f1011098700 	kLZ4HCCompression supported: 1
2025/05/10-21:13:50.266634 7f1011098700 	kLZ4Compression supported: 1
2025/05/10-21:13:50.266634 7f1011098700 	kBZip2Compression supported: 1
2025/05/10-21:13:50.266635 7f1011098700 	kZlibCompression supported: 1
2025/05/10-21:13:50.266636 7f1011098700 	kSnappyCompression supported: 1
2025/05/10-21:13:50.266638 7f1011098700 Fast CRC32 supported: Not supported on x86
2025/05/10-21:13:50.270831 7f1011098700 [/version_set.cc:3508] Recovering from manifest file: MANIFEST-000131
2025/05/10-21:13:50.271087 7f1011098700 [/column_family.cc:474] --------------- Options for column family [default]:
2025/05/10-21:13:50.271093 7f1011098700               Options.comparator: leveldb.BytewiseComparator
2025/05/10-21:13:50.271096 7f1011098700           Options.merge_operator: StringAppendOperator
2025/05/10-21:13:50.271097 7f1011098700        Options.compaction_filter: None
2025/05/10-21:13:50.271098 7f1011098700        Options.compaction_filter_factory: None
2025/05/10-21:13:50.271100 7f1011098700         Options.memtable_factory: SkipListFactory
2025/05/10-21:13:50.271102 7f1011098700            Options.table_factory: BlockBasedTable
2025/05/10-21:13:50.271175 7f1011098700            table_factory options:   flush_block_policy_factory: FlushBlockBySizePolicyFactory (0x7f100d4bb480)
  cache_index_and_filter_blocks: 0
  cache_index_and_filter_blocks_with_high_priority: 1
  pin_l0_filter_and_index_blocks_in_cache: 1
  pin_top_level_index_and_filter: 1
  index_type: 2
  hash_index_allow_collision: 1
  checksum: 1
  no_block_cache: 0
  block_cache: 0x7f100cca5b10
  block_cache_name: LRUCache
  block_cache_options:
    capacity : 536870912
    num_shard_bits : 8
    strict_capacity_limit : 0
    memory_allocator : None
    high_pri_pool_ratio: 0.000
  block_cache_compressed: (nil)
  persistent_cache: (nil)
  block_size: 4096
  block_size_deviation: 10
  block_restart_interval: 16
  index_block_restart_interval: 1
  metadata_block_size: 8192
  partition_filters: 1
  use_delta_encoding: 1
  filter_policy: nullptr
  whole_key_filtering: 1
  verify_compression: 0
  read_amp_bytes_per_bit: 0
  format_version: 0
  enable_index_compression: 1
  block_align: 0
2025/05/10-21:13:50.271299 7f1011098700        Options.write_buffer_size: 134217728
2025/05/10-21:13:50.271304 7f1011098700  Options.max_write_buffer_number: 6
2025/05/10-21:13:50.271307 7f1011098700        Options.compression[0]: NoCompression
2025/05/10-21:13:50.271309 7f1011098700        Options.compression[1]: NoCompression
2025/05/10-21:13:50.271310 7f1011098700        Options.compression[2]: Snappy
2025/05/10-21:13:50.271311 7f1011098700        Options.compression[3]: Snappy
2025/05/10-21:13:50.271312 7f1011098700        Options.compression[4]: Snappy
2025/05/10-21:13:50.271312 7f1011098700        Options.compression[5]: Snappy
2025/05/10-21:13:50.271313 7f1011098700        Options.compression[6]: Snappy
2025/05/10-21:13:50.271314 7f1011098700                  Options.bottommost_compression: Disabled
2025/05/10-21:13:50.271315 7f1011098700       Options.prefix_extractor: rocksdb.FixedPrefix.8
2025/05/10-21:13:50.271316 7f1011098700   Options.memtable_insert_with_hint_prefix_extractor: nullptr
2025/05/10-21:13:50.271317 7f1011098700             Options.num_levels: 7
2025/05/10-21:13:50.271318 7f1011098700        Options.min_write_buffer_number_to_merge: 2
2025/05/10-21:13:50.271319 7f1011098700     Options.max_write_buffer_number_to_maintain: 0
2025/05/10-21:13:50.271319 7f1011098700            Options.bottommost_compression_opts.window_bits: -14
2025/05/10-21:13:50.271320 7f1011098700                  Options.bottommost_compression_opts.level: 32767
2025/05/10-21:13:50.271321 7f1011098700               Options.bottommost_compression_opts.strategy: 0
2025/05/10-21:13:50.271322 7f1011098700         Options.bottommost_compression_opts.max_dict_bytes: 0
2025/05/10-21:13:50.271322 7f1011098700         Options.bottommost_compression_opts.zstd_max_train_bytes: 0
2025/05/10-21:13:50.271323 7f1011098700                  Options.bottommost_compression_opts.enabled: false
2025/05/10-21:13:50.271324 7f1011098700            Options.compression_opts.window_bits: -14
2025/05/10-21:13:50.271325 7f1011098700                  Options.compression_opts.level: 32767
2025/05/10-21:13:50.271326 7f1011098700               Options.compression_opts.strategy: 0
2025/05/10-21:13:50.271327 7f1011098700         Options.compression_opts.max_dict_bytes: 0
2025/05/10-21:13:50.271327 7f1011098700         Options.compression_opts.zstd_max_train_bytes: 0
2025/05/10-21:13:50.271328 7f1011098700                  Options.compression_opts.enabled: false
2025/05/10-21:13:50.271329 7f1011098700      Options.level0_file_num_compaction_trigger: 2
2025/05/10-21:13:50.271329 7f1011098700          Options.level0_slowdown_writes_trigger: 20
2025/05/10-21:13:50.271330 7f1011098700              Options.level0_stop_writes_trigger: 40
2025/05/10-21:13:50.271331 7f1011098700                   Options.target_file_size_base: 67108864
2025/05/10-21:13:50.271331 7f1011098700             Options.target_file_size_multiplier: 1
2025/05/10-21:13:50.271332 7f1011098700                Options.max_bytes_for_level_base: 536870912
2025/05/10-21:13:50.271333 7f1011098700 Options.level_compaction_dynamic_level_bytes: 0
2025/05/10-21:13:50.271334 7f1011098700          Options.max_bytes_for_level_multiplier: 10.000000
2025/05/10-21:13:50.271348 7f1011098700 Options.max_bytes_for_level_multiplier_addtl[0]: 1
2025/05/10-21:13:50.271349 7f1011098700 Options.max_bytes_for_level_multiplier_addtl[1]: 1
2025/05/10-21:13:50.271350 7f1011098700 Options.max_bytes_for_level_multiplier_addtl[2]: 1
2025/05/10-21:13:50.271350 7f1011098700 Options.max_bytes_for_level_multiplier_addtl[3]: 1
2025/05/10-21:13:50.271351 7f1011098700 Options.max_bytes_for_level_multiplier_addtl[4]: 1
2025/05/10-21:13:50.271352 7f1011098700 Options.max_bytes_for_level_multiplier_addtl[5]: 1
2025/05/10-21:13:50.271352 7f1011098700 Options.max_bytes_for_level_multiplier_addtl[6]: 1
2025/05/10-21:13:50.271353 7f1011098700       Options.max_sequential_skip_in_iterations: 8
2025/05/10-21:13:50.271353 7f1011098700                    Options.max_compaction_bytes: 1677721600
2025/05/10-21:13:50.271354 7f1011098700                        Options.arena_block_size: 16777216
2025/05/10-21:13:50.271355 7f1011098700   Options.soft_pending_compaction_bytes_limit: 68719476736
2025/05/10-21:13:50.271355 7f1011098700   Options.hard_pending_compaction_bytes_limit: 274877906944
2025/05/10-21:13:50.271356 7f1011098700       Options.rate_limit_delay_max_milliseconds: 100
2025/05/10-21:13:50.271357 7f1011098700                Options.disable_auto_compactions: 0
2025/05/10-21:13:50.271358 7f1011098700                        Options.compaction_style: kCompactionStyleLevel
2025/05/10-21:13:50.271360 7f1011098700                          Options.compaction_pri: kByCompensatedSize
2025/05/10-21:13:50.271360 7f1011098700 Options.compaction_options_universal.size_ratio: 1
2025/05/10-21:13:50.271361 7f1011098700 Options.compaction_options_universal.min_merge_width: 2
2025/05/10-21:13:50.271362 7f1011098700 Options.compaction_options_universal.max_merge_width: 4294967295
2025/05/10-21:13:50.271362 7f1011098700 Options.compaction_options_universal.max_size_amplification_percent: 200
2025/05/10-21:13:50.271363 7f1011098700 Options.compaction_options_universal.compression_size_percent: -1
2025/05/10-21:13:50.271364 7f1011098700 Options.compaction_options_universal.stop_style: kCompactionStopStyleTotalSize
2025/05/10-21:13:50.271365 7f1011098700 Options.compaction_options_fifo.max_table_files_size: 1073741824
2025/05/10-21:13:50.271366 7f1011098700 Options.compaction_options_fifo.allow_compaction: 0
2025/05/10-21:13:50.271366 7f1011098700 Options.compaction_options_fifo.ttl: 0
2025/05/10-21:13:50.271367 7f1011098700                   Options.table_properties_collectors: 
2025/05/10-21:13:50.271368 7f1011098700                   Options.inplace_update_support: 0
2025/05/10-21:13:50.271369 7f1011098700                 Options.inplace_update_num_locks: 10000
2025/05/10-21:13:50.271369 7f1011098700               Options.memtable_prefix_bloom_size_ratio: 0.125000
2025/05/10-21:13:50.271371 7f1011098700   Options.memtable_huge_page_size: 0
2025/05/10-21:13:50.271371 7f1011098700                           Options.bloom_locality: 0
2025/05/10-21:13:50.271372 7f1011098700                    Options.max_successive_merges: 0
2025/05/10-21:13:50.271372 7f1011098700                Options.optimize_filters_for_hits: 0
2025/05/10-21:13:50.271373 7f1011098700                Options.paranoid_file_checks: 0
2025/05/10-21:13:50.271374 7f1011098700                Options.force_consistency_checks: 1
2025/05/10-21:13:50.271374 7f1011098700                Options.report_bg_io_stats: 0
2025/05/10-21:13:50.271375 7f1011098700                               Options.ttl: 0
2025/05/10-21:13:50.291997 7f1011098700 [/column_family.cc:474] --------------- Options for column family [Configuration]:
2025/05/10-21:13:50.292014 7f1011098700               Options.comparator: leveldb.BytewiseComparator
2025/05/10-21:13:50.292017 7f1011098700           Options.merge_operator: StringAppendOperator
2025/05/10-21:13:50.292018 7f1011098700        Options.compaction_filter: None
2025/05/10-21:13:50.292019 7f1011098700        Options.compaction_filter_factory: None
2025/05/10-21:13:50.292021 7f1011098700         Options.memtable_factory: SkipListFactory
2025/05/10-21:13:50.292035 7f1011098700            Options.table_factory: BlockBasedTable
2025/05/10-21:13:50.292055 7f1011098700            table_factory options:   flush_block_policy_factory: FlushBlockBySizePolicyFactory (0x7f100d4bb480)
  cache_index_and_filter_blocks: 0
  cache_index_and_filter_blocks_with_high_priority: 1
  pin_l0_filter_and_index_blocks_in_cache: 1
  pin_top_level_index_and_filter: 1
  index_type: 2
  hash_index_allow_collision: 1
  checksum: 1
  no_block_cache: 0
  block_cache: 0x7f100cca5b10
  block_cache_name: LRUCache
  block_cache_options:
    capacity : 536870912
    num_shard_bits : 8
    strict_capacity_limit : 0
    memory_allocator : None
    high_pri_pool_ratio: 0.000
  block_cache_compressed: (nil)
  persistent_cache: (nil)
  block_size: 4096
  block_size_deviation: 10
  block_restart_interval: 16
  index_block_restart_interval: 1
  metadata_block_size: 8192
  partition_filters: 1
  use_delta_encoding: 1
  filter_policy: nullptr
  whole_key_filtering: 1
  verify_compression: 0
  read_amp_bytes_per_bit: 0
  format_version: 0
  enable_index_compression: 1
  block_align: 0
2025/05/10-21:13:50.292056 7f1011098700        Options.write_buffer_size: 134217728
2025/05/10-21:13:50.292057 7f1011098700  Options.max_write_buffer_number: 6
2025/05/10-21:13:50.292058 7f1011098700        Options.compression[0]: NoCompression
2025/05/10-21:13:50.292059 7f1011098700        Options.compression[1]: NoCompression
2025/05/10-21:13:50.292060 7f1011098700        Options.compression[2]: Snappy
2025/05/10-21:13:50.292061 7f1011098700        Options.compression[3]: Snappy
2025/05/10-21:13:50.292061 7f1011098700        Options.compression[4]: Snappy
2025/05/10-21:13:50.292062 7f1011098700        Options.compression[5]: Snappy
2025/05/10-21:13:50.292063 7f1011098700        Options.compression[6]: Snappy
2025/05/10-21:13:50.292063 7f1011098700                  Options.bottommost_compression: Disabled
2025/05/10-21:13:50.292064 7f1011098700       Options.prefix_extractor: rocksdb.FixedPrefix.8
2025/05/10-21:13:50.292065 7f1011098700   Options.memtable_insert_with_hint_prefix_extractor: nullptr
2025/05/10-21:13:50.292066 7f1011098700             Options.num_levels: 7
2025/05/10-21:13:50.292067 7f1011098700        Options.min_write_buffer_number_to_merge: 2
2025/05/10-21:13:50.292067 7f1011098700     Options.max_write_buffer_number_to_maintain: 0
2025/05/10-21:13:50.292068 7f1011098700            Options.bottommost_compression_opts.window_bits: -14
2025/05/10-21:13:50.292069 7f1011098700                  Options.bottommost_compression_opts.level: 32767
2025/05/10-21:13:50.292069 7f1011098700               Options.bottommost_compression_opts.strategy: 0
2025/05/10-21:13:50.292070 7f1011098700         Options.bottommost_compression_opts.max_dict_bytes: 0
2025/05/10-21:13:50.292071 7f1011098700         Options.bottommost_compression_opts.zstd_max_train_bytes: 0
2025/05/10-21:13:50.292072 7f1011098700                  Options.bottommost_compression_opts.enabled: false
2025/05/10-21:13:50.292072 7f1011098700            Options.compression_opts.window_bits: -14
2025/05/10-21:13:50.292073 7f1011098700                  Options.compression_opts.level: 32767
2025/05/10-21:13:50.292074 7f1011098700               Options.compression_opts.strategy: 0
2025/05/10-21:13:50.292075 7f1011098700         Options.compression_opts.max_dict_bytes: 0
2025/05/10-21:13:50.292075 7f1011098700         Options.compression_opts.zstd_max_train_bytes: 0
2025/05/10-21:13:50.292076 7f1011098700                  Options.compression_opts.enabled: false
2025/05/10-21:13:50.292077 7f1011098700      Options.level0_file_num_compaction_trigger: 2
2025/05/10-21:13:50.292077 7f1011098700          Options.level0_slowdown_writes_trigger: 20
2025/05/10-21:13:50.292078 7f1011098700              Options.level0_stop_writes_trigger: 40
2025/05/10-21:13:50.292078 7f1011098700                   Options.target_file_size_base: 67108864
2025/05/10-21:13:50.292079 7f1011098700             Options.target_file_size_multiplier: 1
2025/05/10-21:13:50.292083 7f1011098700                Options.max_bytes_for_level_base: 536870912
2025/05/10-21:13:50.292084 7f1011098700 Options.level_compaction_dynamic_level_bytes: 0
2025/05/10-21:13:50.292085 7f1011098700          Options.max_bytes_for_level_multiplier: 10.000000
2025/05/10-21:13:50.292087 7f1011098700 Options.max_bytes_for_level_multiplier_addtl[0]: 1
2025/05/10-21:13:50.292088 7f1011098700 Options.max_bytes_for_level_multiplier_addtl[1]: 1
2025/05/10-21:13:50.292089 7f1011098700 Options.max_bytes_for_level_multiplier_addtl[2]: 1
2025/05/10-21:13:50.292089 7f1011098700 Options.max_bytes_for_level_multiplier_addtl[3]: 1
2025/05/10-21:13:50.292090 7f1011098700 Options.max_bytes_for_level_multiplier_addtl[4]: 1
2025/05/10-21:13:50.292090 7f1011098700 Options.max_bytes_for_level_multiplier_addtl[5]: 1
2025/05/10-21:13:50.292091 7f1011098700 Options.max_bytes_for_level_multiplier_addtl[6]: 1
2025/05/10-21:13:50.292092 7f1011098700       Options.max_sequential_skip_in_iterations: 8
2025/05/10-21:13:50.292092 7f1011098700                    Options.max_compaction_bytes: 1677721600
2025/05/10-21:13:50.292093 7f1011098700                        Options.arena_block_size: 16777216
2025/05/10-21:13:50.292093 7f1011098700   Options.soft_pending_compaction_bytes_limit: 68719476736
2025/05/10-21:13:50.292094 7f1011098700   Options.hard_pending_compaction_bytes_limit: 274877906944
2025/05/10-21:13:50.292095 7f1011098700       Options.rate_limit_delay_max_milliseconds: 100
2025/05/10-21:13:50.292095 7f1011098700                Options.disable_auto_compactions: 0
2025/05/10-21:13:50.292097 7f1011098700                        Options.compaction_style: kCompactionStyleLevel
2025/05/10-21:13:50.292098 7f1011098700                          Options.compaction_pri: kByCompensatedSize
2025/05/10-21:13:50.292099 7f1011098700 Options.compaction_options_universal.size_ratio: 1
2025/05/10-21:13:50.292100 7f1011098700 Options.compaction_options_universal.min_merge_width: 2
2025/05/10-21:13:50.292100 7f1011098700 Options.compaction_options_universal.max_merge_width: 4294967295
2025/05/10-21:13:50.292101 7f1011098700 Options.compaction_options_universal.max_size_amplification_percent: 200
2025/05/10-21:13:50.292101 7f1011098700 Options.compaction_options_universal.compression_size_percent: -1
2025/05/10-21:13:50.292103 7f1011098700 Options.compaction_options_universal.stop_style: kCompactionStopStyleTotalSize
2025/05/10-21:13:50.292103 7f1011098700 Options.compaction_options_fifo.max_table_files_size: 1073741824
2025/05/10-21:13:50.292104 7f1011098700 Options.compaction_options_fifo.allow_compaction: 0
2025/05/10-21:13:50.292105 7f1011098700 Options.compaction_options_fifo.ttl: 0
2025/05/10-21:13:50.292105 7f1011098700                   Options.table_properties_collectors: 
2025/05/10-21:13:50.292106 7f1011098700                   Options.inplace_update_support: 0
2025/05/10-21:13:50.292107 7f1011098700                 Options.inplace_update_num_locks: 10000
2025/05/10-21:13:50.292107 7f1011098700               Options.memtable_prefix_bloom_size_ratio: 0.125000
2025/05/10-21:13:50.292108 7f1011098700   Options.memtable_huge_page_size: 0
2025/05/10-21:13:50.292109 7f1011098700                           Options.bloom_locality: 0
2025/05/10-21:13:50.292109 7f1011098700                    Options.max_successive_merges: 0
2025/05/10-21:13:50.292110 7f1011098700                Options.optimize_filters_for_hits: 0
2025/05/10-21:13:50.292111 7f1011098700                Options.paranoid_file_checks: 0
2025/05/10-21:13:50.292111 7f1011098700                Options.force_consistency_checks: 1
2025/05/10-21:13:50.292112 7f1011098700                Options.report_bg_io_stats: 0
2025/05/10-21:13:50.292113 7f1011098700                               Options.ttl: 0
2025/05/10-21:13:50.335277 7f1011098700 [/version_set.cc:3724] Recovered from manifest file:/home/nacos/data/protocol/raft/naming_service_metadata/log/MANIFEST-000131 succeeded,manifest_file_number is 131, next_file_number is 134, last_sequence is 173, log_number is 0,prev_log_number is 0,max_column_family is 1,min_log_number_to_keep is 0
2025/05/10-21:13:50.335456 7f1011098700 [/version_set.cc:3732] Column family [default] (ID 0), log number is 125
2025/05/10-21:13:50.335461 7f1011098700 [/version_set.cc:3732] Column family [Configuration] (ID 1), log number is 125
2025/05/10-21:13:50.336479 7f1011098700 EVENT_LOG_v1 {"time_micros": 1746882830336472, "job": 1, "event": "recovery_started", "log_files": [133]}
2025/05/10-21:13:50.336486 7f1011098700 [/db_impl_open.cc:578] Recovering log #133 mode 2
2025/05/10-21:13:50.348580 7f1011098700 EVENT_LOG_v1 {"time_micros": 1746882830348570, "cf_name": "default", "job": 1, "event": "table_file_creation", "file_number": 134, "file_size": 754, "table_properties": {"data_size": 0, "index_size": 13, "filter_size": 0, "raw_key_size": 32, "raw_average_key_size": 0, "raw_value_size": 16, "raw_average_value_size": 0, "num_data_blocks": 0, "num_entries": 0, "filter_policy_name": ""}}
2025/05/10-21:13:50.350370 7f1011098700 [/version_set.cc:3037] Creating manifest 135
2025/05/10-21:13:50.382513 7f1011098700 EVENT_LOG_v1 {"time_micros": 1746882830382503, "cf_name": "Configuration", "job": 1, "event": "table_file_creation", "file_number": 136, "file_size": 890, "table_properties": {"data_size": 50, "index_size": 49, "filter_size": 0, "raw_key_size": 58, "raw_average_key_size": 58, "raw_value_size": 24, "raw_average_value_size": 24, "num_data_blocks": 1, "num_entries": 1, "filter_policy_name": ""}}
2025/05/10-21:13:50.401194 7f1011098700 EVENT_LOG_v1 {"time_micros": 1746882830401188, "job": 1, "event": "recovery_finished"}
2025/05/10-21:13:50.611824 7f1011098700 [/db_impl_open.cc:1314] DB pointer 0x7f100d046e20
2025/05/10-21:13:50.618228 7f0f7520b700 [/compaction_job.cc:1688] [default] [JOB 3] Compacting 2@0 + 1@1 files to L1, score 1.00
2025/05/10-21:13:50.618244 7f0f7520b700 [/compaction_job.cc:1692] [default] Compaction start summary: Base version 4 Base level 0, inputs: [134(754B) 130(754B)], [127(794B)]
2025/05/10-21:13:50.618275 7f0f7520b700 EVENT_LOG_v1 {"time_micros": 1746882830618264, "job": 3, "event": "compaction_started", "compaction_reason": "LevelL0FilesNum", "files_L0": [134, 130], "files_L1": [127], "score": 1, "input_data_size": 2302}
2025/05/10-21:13:50.627729 7f0f6a9f8700 [WARN] [/db_impl.cc:669] ------- DUMPING STATS -------
2025/05/10-21:13:50.627769 7f0f6a9f8700 [WARN] [/db_impl.cc:670] 
** DB Stats **
Uptime(secs): 0.4 total, 0.4 interval
Cumulative writes: 2 writes, 2 keys, 2 commit groups, 0.7 writes per commit group, ingest: 0.00 GB, 0.00 MB/s
Cumulative WAL: 2 writes, 0 syncs, 2.00 writes per sync, written: 0.00 GB, 0.00 MB/s
Cumulative stall: 00:00:0.000 H:M:S, 0.0 percent
Interval writes: 2 writes, 2 keys, 2 commit groups, 0.7 writes per commit group, ingest: 0.00 MB, 0.00 MB/s
Interval WAL: 2 writes, 0 syncs, 2.00 writes per sync, written: 0.00 MB, 0.00 MB/s
Interval stall: 00:00:0.000 H:M:S, 0.0 percent

** Compaction Stats [default] **
Level    Files   Size     Score Read(GB)  Rn(GB) Rnp1(GB) Write(GB) Wnew(GB) Moved(GB) W-Amp Rd(MB/s) Wr(MB/s) Comp(sec) Comp(cnt) Avg(sec) KeyIn KeyDrop
----------------------------------------------------------------------------------------------------------------------------------------------------------
  L0      2/2    1.47 KB   0.0      0.0     0.0      0.0       0.0      0.0       0.0   1.0      0.0      0.1         0         1    0.011       0      0
  L1      1/1    0.78 KB   0.0      0.0     0.0      0.0       0.0      0.0       0.0   0.0      0.0      0.0         0         0    0.000       0      0
 Sum      3/3    2.25 KB   0.0      0.0     0.0      0.0       0.0      0.0       0.0   1.0      0.0      0.1         0         1    0.011       0      0
 Int      0/0    0.00 KB   0.0      0.0     0.0      0.0       0.0      0.0       0.0   1.0      0.0      0.1         0         1    0.011       0      0
Uptime(secs): 0.4 total, 0.4 interval
Flush(GB): cumulative 0.000, interval 0.000
AddFile(GB): cumulative 0.000, interval 0.000
AddFile(Total Files): cumulative 0, interval 0
AddFile(L0 Files): cumulative 0, interval 0
AddFile(Keys): cumulative 0, interval 0
Cumulative compaction: 0.00 GB write, 0.00 MB/s write, 0.00 GB read, 0.00 MB/s read, 0.0 seconds
Interval compaction: 0.00 GB write, 0.00 MB/s write, 0.00 GB read, 0.00 MB/s read, 0.0 seconds
Stalls(count): 0 level0_slowdown, 0 level0_slowdown_with_compaction, 0 level0_numfiles, 0 level0_numfiles_with_compaction, 0 stop for pending_compaction_bytes, 0 slowdown for pending_compaction_bytes, 0 memtable_compaction, 0 memtable_slowdown, interval 0 total count

** File Read Latency Histogram By Level [default] **
** Level 0 read latency histogram (micros):
Count: 10 Average: 743.4000  StdDev: 2223.87
Min: 1  Median: 1.0000  Max: 7415
Percentiles: P50: 1.00 P75: 1.50 P99: 7415.00 P99.9: 7415.00 P99.99: 7415.00
------------------------------------------------------
[       0,       1 ]        7  70.000%  70.000% ##############
(       1,       2 ]        1  10.000%  80.000% ##
(       6,      10 ]        1  10.000%  90.000% ##
(    6600,    9900 ]        1  10.000% 100.000% ##

** Level 1 read latency histogram (micros):
Count: 6 Average: 356.8333  StdDev: 782.76
Min: 1  Median: 1.5000  Max: 2107
Percentiles: P50: 1.50 P75: 28.00 P99: 2107.00 P99.9: 2107.00 P99.99: 2107.00
------------------------------------------------------
[       0,       1 ]        2  33.333%  33.333% #######
(       1,       2 ]        2  33.333%  66.667% #######
(      22,      34 ]        1  16.667%  83.333% ###
(    1900,    2900 ]        1  16.667% 100.000% ###


** Compaction Stats [Configuration] **
Level    Files   Size     Score Read(GB)  Rn(GB) Rnp1(GB) Write(GB) Wnew(GB) Moved(GB) W-Amp Rd(MB/s) Wr(MB/s) Comp(sec) Comp(cnt) Avg(sec) KeyIn KeyDrop
----------------------------------------------------------------------------------------------------------------------------------------------------------
  L0      2/0    1.74 KB   1.0      0.0     0.0      0.0       0.0      0.0       0.0   1.0      0.0      0.1         0         1    0.016       0      0
  L1      1/0    0.82 KB   0.0      0.0     0.0      0.0       0.0      0.0       0.0   0.0      0.0      0.0         0         0    0.000       0      0
 Sum      3/0    2.56 KB   0.0      0.0     0.0      0.0       0.0      0.0       0.0   1.0      0.0      0.1         0         1    0.016       0      0
 Int      0/0    0.00 KB   0.0      0.0     0.0      0.0       0.0      0.0       0.0   1.0      0.0      0.1         0         1    0.016       0      0
Uptime(secs): 0.3 total, 0.3 interval
Flush(GB): cumulative 0.000, interval 0.000
AddFile(GB): cumulative 0.000, interval 0.000
AddFile(Total Files): cumulative 0, interval 0
AddFile(L0 Files): cumulative 0, interval 0
AddFile(Keys): cumulative 0, interval 0
Cumulative compaction: 0.00 GB write, 0.00 MB/s write, 0.00 GB read, 0.00 MB/s read, 0.0 seconds
Interval compaction: 0.00 GB write, 0.00 MB/s write, 0.00 GB read, 0.00 MB/s read, 0.0 seconds
Stalls(count): 0 level0_slowdown, 0 level0_slowdown_with_compaction, 0 level0_numfiles, 0 level0_numfiles_with_compaction, 0 stop for pending_compaction_bytes, 0 slowdown for pending_compaction_bytes, 0 memtable_compaction, 0 memtable_slowdown, interval 0 total count

** File Read Latency Histogram By Level [Configuration] **
** Level 0 read latency histogram (micros):
Count: 14 Average: 9.3571  StdDev: 23.98
Min: 0  Median: 0.8750  Max: 95
Percentiles: P50: 0.88 P75: 3.50 P99: 95.00 P99.9: 95.00 P99.99: 95.00
------------------------------------------------------
[       0,       1 ]        8  57.143%  57.143% ###########
(       1,       2 ]        1   7.143%  64.286% #
(       2,       3 ]        1   7.143%  71.429% #
(       3,       4 ]        1   7.143%  78.571% #
(       6,      10 ]        1   7.143%  85.714% #
(      10,      15 ]        1   7.143%  92.857% #
(      76,     110 ]        1   7.143% 100.000% #

** Level 1 read latency histogram (micros):
Count: 6 Average: 52.3333  StdDev: 77.69
Min: 1  Median: 1.6667  Max: 206
Percentiles: P50: 1.67 P75: 93.00 P99: 206.00 P99.9: 206.00 P99.99: 206.00
------------------------------------------------------
[       0,       1 ]        1  16.667%  16.667% ###
(       1,       2 ]        3  50.000%  66.667% ##########
(      76,     110 ]        1  16.667%  83.333% ###
(     170,     250 ]        1  16.667% 100.000% ###


** Compaction Stats [default] **
Level    Files   Size     Score Read(GB)  Rn(GB) Rnp1(GB) Write(GB) Wnew(GB) Moved(GB) W-Amp Rd(MB/s) Wr(MB/s) Comp(sec) Comp(cnt) Avg(sec) KeyIn KeyDrop
----------------------------------------------------------------------------------------------------------------------------------------------------------
  L0      2/2    1.47 KB   0.0      0.0     0.0      0.0       0.0      0.0       0.0   1.0      0.0      0.1         0         1    0.011       0      0
  L1      1/1    0.78 KB   0.0      0.0     0.0      0.0       0.0      0.0       0.0   0.0      0.0      0.0         0         0    0.000       0      0
 Sum      3/3    2.25 KB   0.0      0.0     0.0      0.0       0.0      0.0       0.0   1.0      0.0      0.1         0         1    0.011       0      0
 Int      0/0    0.00 KB   0.0      0.0     0.0      0.0       0.0      0.0       0.0   0.0      0.0      0.0         0         0    0.000       0      0
Uptime(secs): 0.4 total, 0.0 interval
Flush(GB): cumulative 0.000, interval 0.000
AddFile(GB): cumulative 0.000, interval 0.000
AddFile(Total Files): cumulative 0, interval 0
AddFile(L0 Files): cumulative 0, interval 0
AddFile(Keys): cumulative 0, interval 0
Cumulative compaction: 0.00 GB write, 0.00 MB/s write, 0.00 GB read, 0.00 MB/s read, 0.0 seconds
Interval compaction: 0.00 GB write, 0.00 MB/s write, 0.00 GB read, 0.00 MB/s read, 0.0 seconds
Stalls(count): 0 level0_slowdown, 0 level0_slowdown_with_compaction, 0 level0_numfiles, 0 level0_numfiles_with_compaction, 0 stop for pending_compaction_bytes, 0 slowdown for pending_compaction_bytes, 0 memtable_compaction, 0 memtable_slowdown, interval 0 total count

** File Read Latency Histogram By Level [default] **
** Level 0 read latency histogram (micros):
Count: 10 Average: 743.4000  StdDev: 2223.87
Min: 1  Median: 1.0000  Max: 7415
Percentiles: P50: 1.00 P75: 1.50 P99: 7415.00 P99.9: 7415.00 P99.99: 7415.00
------------------------------------------------------
[       0,       1 ]        7  70.000%  70.000% ##############
(       1,       2 ]        1  10.000%  80.000% ##
(       6,      10 ]        1  10.000%  90.000% ##
(    6600,    9900 ]        1  10.000% 100.000% ##

** Level 1 read latency histogram (micros):
Count: 6 Average: 356.8333  StdDev: 782.76
Min: 1  Median: 1.5000  Max: 2107
Percentiles: P50: 1.50 P75: 28.00 P99: 2107.00 P99.9: 2107.00 P99.99: 2107.00
------------------------------------------------------
[       0,       1 ]        2  33.333%  33.333% #######
(       1,       2 ]        2  33.333%  66.667% #######
(      22,      34 ]        1  16.667%  83.333% ###
(    1900,    2900 ]        1  16.667% 100.000% ###


** Compaction Stats [Configuration] **
Level    Files   Size     Score Read(GB)  Rn(GB) Rnp1(GB) Write(GB) Wnew(GB) Moved(GB) W-Amp Rd(MB/s) Wr(MB/s) Comp(sec) Comp(cnt) Avg(sec) KeyIn KeyDrop
----------------------------------------------------------------------------------------------------------------------------------------------------------
  L0      2/0    1.74 KB   1.0      0.0     0.0      0.0       0.0      0.0       0.0   1.0      0.0      0.1         0         1    0.016       0      0
  L1      1/0    0.82 KB   0.0      0.0     0.0      0.0       0.0      0.0       0.0   0.0      0.0      0.0         0         0    0.000       0      0
 Sum      3/0    2.56 KB   0.0      0.0     0.0      0.0       0.0      0.0       0.0   1.0      0.0      0.1         0         1    0.016       0      0
 Int      0/0    0.00 KB   0.0      0.0     0.0      0.0       0.0      0.0       0.0   0.0      0.0      0.0         0         0    0.000       0      0
Uptime(secs): 0.3 total, 0.0 interval
Flush(GB): cumulative 0.000, interval 0.000
AddFile(GB): cumulative 0.000, interval 0.000
AddFile(Total Files): cumulative 0, interval 0
AddFile(L0 Files): cumulative 0, interval 0
AddFile(Keys): cumulative 0, interval 0
Cumulative compaction: 0.00 GB write, 0.00 MB/s write, 0.00 GB read, 0.00 MB/s read, 0.0 seconds
Interval compaction: 0.00 GB write, 0.00 MB/s write, 0.00 GB read, 0.00 MB/s read, 0.0 seconds
Stalls(count): 0 level0_slowdown, 0 level0_slowdown_with_compaction, 0 level0_numfiles, 0 level0_numfiles_with_compaction, 0 stop for pending_compaction_bytes, 0 slowdown for pending_compaction_bytes, 0 memtable_compaction, 0 memtable_slowdown, interval 0 total count

** File Read Latency Histogram By Level [Configuration] **
** Level 0 read latency histogram (micros):
Count: 14 Average: 9.3571  StdDev: 23.98
Min: 0  Median: 0.8750  Max: 95
Percentiles: P50: 0.88 P75: 3.50 P99: 95.00 P99.9: 95.00 P99.99: 95.00
------------------------------------------------------
[       0,       1 ]        8  57.143%  57.143% ###########
(       1,       2 ]        1   7.143%  64.286% #
(       2,       3 ]        1   7.143%  71.429% #
(       3,       4 ]        1   7.143%  78.571% #
(       6,      10 ]        1   7.143%  85.714% #
(      10,      15 ]        1   7.143%  92.857% #
(      76,     110 ]        1   7.143% 100.000% #

** Level 1 read latency histogram (micros):
Count: 6 Average: 52.3333  StdDev: 77.69
Min: 1  Median: 1.6667  Max: 206
Percentiles: P50: 1.67 P75: 93.00 P99: 206.00 P99.9: 206.00 P99.99: 206.00
------------------------------------------------------
[       0,       1 ]        1  16.667%  16.667% ###
(       1,       2 ]        3  50.000%  66.667% ##########
(      76,     110 ]        1  16.667%  83.333% ###
(     170,     250 ]        1  16.667% 100.000% ###

2025/05/10-21:13:50.627999 7f0f6a9f8700 [WARN] [/db_impl.cc:617] STATISTICS:
 rocksdb.block.cache.miss COUNT : 12
rocksdb.block.cache.hit COUNT : 4
rocksdb.block.cache.add COUNT : 12
rocksdb.block.cache.add.failures COUNT : 0
rocksdb.block.cache.index.miss COUNT : 4
rocksdb.block.cache.index.hit COUNT : 3
rocksdb.block.cache.index.add COUNT : 4
rocksdb.block.cache.index.bytes.insert COUNT : 528
rocksdb.block.cache.index.bytes.evict COUNT : 0
rocksdb.block.cache.filter.miss COUNT : 0
rocksdb.block.cache.filter.hit COUNT : 0
rocksdb.block.cache.filter.add COUNT : 0
rocksdb.block.cache.filter.bytes.insert COUNT : 0
rocksdb.block.cache.filter.bytes.evict COUNT : 0
rocksdb.block.cache.data.miss COUNT : 8
rocksdb.block.cache.data.hit COUNT : 1
rocksdb.block.cache.data.add COUNT : 8
rocksdb.block.cache.data.bytes.insert COUNT : 1312
rocksdb.block.cache.bytes.read COUNT : 576
rocksdb.block.cache.bytes.write COUNT : 1840
rocksdb.bloom.filter.useful COUNT : 0
rocksdb.bloom.filter.full.positive COUNT : 0
rocksdb.bloom.filter.full.true.positive COUNT : 0
rocksdb.persistent.cache.hit COUNT : 0
rocksdb.persistent.cache.miss COUNT : 0
rocksdb.sim.block.cache.hit COUNT : 0
rocksdb.sim.block.cache.miss COUNT : 0
rocksdb.memtable.hit COUNT : 0
rocksdb.memtable.miss COUNT : 0
rocksdb.l0.hit COUNT : 0
rocksdb.l1.hit COUNT : 0
rocksdb.l2andup.hit COUNT : 0
rocksdb.compaction.key.drop.new COUNT : 1
