2025/05/10-18:43:29.755030 7f2921869700 RocksDB version: 5.18.4
2025/05/10-18:43:29.755153 7f2921869700 Git sha rocksdb_build_git_sha:
2025/05/10-18:43:29.755159 7f2921869700 Compile date Mar 11 2020
2025/05/10-18:43:29.755166 7f2921869700 DB SUMMARY
2025/05/10-18:43:29.755239 7f2921869700 CURRENT file:  CURRENT
2025/05/10-18:43:29.755241 7f2921869700 IDENTITY file:  IDENTITY
2025/05/10-18:43:29.755249 7f2921869700 MANIFEST file:  MANIFEST-000122 size: 550 Bytes
2025/05/10-18:43:29.755253 7f2921869700 SST files in /home/nacos/data/protocol/raft/naming_persistent_service_v2/log dir, Total Num: 1, files: 000128.sst 
2025/05/10-18:43:29.755254 7f2921869700 Write Ahead Log file in /home/nacos/data/protocol/raft/naming_persistent_service_v2/log: 000124.log size: 297 ; 
2025/05/10-18:43:29.755257 7f2921869700                         Options.error_if_exists: 0
2025/05/10-18:43:29.755260 7f2921869700                       Options.create_if_missing: 1
2025/05/10-18:43:29.755260 7f2921869700                         Options.paranoid_checks: 1
2025/05/10-18:43:29.755261 7f2921869700                                     Options.env: 0x7f2887ffbfa0
2025/05/10-18:43:29.755262 7f2921869700                                Options.info_log: 0x7f291d2a1140
2025/05/10-18:43:29.755263 7f2921869700                Options.max_file_opening_threads: 16
2025/05/10-18:43:29.755263 7f2921869700                              Options.statistics: 0x7f291d2a1050
2025/05/10-18:43:29.755264 7f2921869700                               Options.use_fsync: 0
2025/05/10-18:43:29.755265 7f2921869700                       Options.max_log_file_size: 0
2025/05/10-18:43:29.755265 7f2921869700                  Options.max_manifest_file_size: 1073741824
2025/05/10-18:43:29.755266 7f2921869700                   Options.log_file_time_to_roll: 0
2025/05/10-18:43:29.755267 7f2921869700                       Options.keep_log_file_num: 1000
2025/05/10-18:43:29.755267 7f2921869700                    Options.recycle_log_file_num: 0
2025/05/10-18:43:29.755268 7f2921869700                         Options.allow_fallocate: 1
2025/05/10-18:43:29.755269 7f2921869700                        Options.allow_mmap_reads: 0
2025/05/10-18:43:29.755269 7f2921869700                       Options.allow_mmap_writes: 0
2025/05/10-18:43:29.755270 7f2921869700                        Options.use_direct_reads: 0
2025/05/10-18:43:29.755271 7f2921869700                        Options.use_direct_io_for_flush_and_compaction: 0
2025/05/10-18:43:29.755271 7f2921869700          Options.create_missing_column_families: 1
2025/05/10-18:43:29.755272 7f2921869700                              Options.db_log_dir: 
2025/05/10-18:43:29.755273 7f2921869700                                 Options.wal_dir: /home/nacos/data/protocol/raft/naming_persistent_service_v2/log
2025/05/10-18:43:29.755274 7f2921869700                Options.table_cache_numshardbits: 6
2025/05/10-18:43:29.755274 7f2921869700                      Options.max_subcompactions: 1
2025/05/10-18:43:29.755275 7f2921869700                  Options.max_background_flushes: 1
2025/05/10-18:43:29.755275 7f2921869700                         Options.WAL_ttl_seconds: 0
2025/05/10-18:43:29.755276 7f2921869700                       Options.WAL_size_limit_MB: 0
2025/05/10-18:43:29.755277 7f2921869700             Options.manifest_preallocation_size: 4194304
2025/05/10-18:43:29.755277 7f2921869700                     Options.is_fd_close_on_exec: 1
2025/05/10-18:43:29.755278 7f2921869700                   Options.advise_random_on_open: 1
2025/05/10-18:43:29.755279 7f2921869700                    Options.db_write_buffer_size: 0
2025/05/10-18:43:29.755279 7f2921869700                    Options.write_buffer_manager: 0x7f291d21fa10
2025/05/10-18:43:29.755280 7f2921869700         Options.access_hint_on_compaction_start: 1
2025/05/10-18:43:29.755280 7f2921869700  Options.new_table_reader_for_compaction_inputs: 0
2025/05/10-18:43:29.755281 7f2921869700           Options.random_access_max_buffer_size: 1048576
2025/05/10-18:43:29.755282 7f2921869700                      Options.use_adaptive_mutex: 0
2025/05/10-18:43:29.755282 7f2921869700                            Options.rate_limiter: (nil)
2025/05/10-18:43:29.755292 7f2921869700     Options.sst_file_manager.rate_bytes_per_sec: 0
2025/05/10-18:43:29.755293 7f2921869700                       Options.wal_recovery_mode: 2
2025/05/10-18:43:29.755293 7f2921869700                  Options.enable_thread_tracking: 0
2025/05/10-18:43:29.755294 7f2921869700                  Options.enable_pipelined_write: 0
2025/05/10-18:43:29.755295 7f2921869700         Options.allow_concurrent_memtable_write: 1
2025/05/10-18:43:29.755295 7f2921869700      Options.enable_write_thread_adaptive_yield: 1
2025/05/10-18:43:29.755296 7f2921869700             Options.write_thread_max_yield_usec: 100
2025/05/10-18:43:29.755296 7f2921869700            Options.write_thread_slow_yield_usec: 3
2025/05/10-18:43:29.755297 7f2921869700                               Options.row_cache: None
2025/05/10-18:43:29.755297 7f2921869700                              Options.wal_filter: None
2025/05/10-18:43:29.755298 7f2921869700             Options.avoid_flush_during_recovery: 0
2025/05/10-18:43:29.755299 7f2921869700             Options.allow_ingest_behind: 0
2025/05/10-18:43:29.755299 7f2921869700             Options.preserve_deletes: 0
2025/05/10-18:43:29.755300 7f2921869700             Options.two_write_queues: 0
2025/05/10-18:43:29.755300 7f2921869700             Options.manual_wal_flush: 0
2025/05/10-18:43:29.755302 7f2921869700             Options.max_background_jobs: 2
2025/05/10-18:43:29.755303 7f2921869700             Options.max_background_compactions: 4
2025/05/10-18:43:29.755303 7f2921869700             Options.avoid_flush_during_shutdown: 0
2025/05/10-18:43:29.755304 7f2921869700           Options.writable_file_max_buffer_size: 1048576
2025/05/10-18:43:29.755305 7f2921869700             Options.delayed_write_rate : 16777216
2025/05/10-18:43:29.755305 7f2921869700             Options.max_total_wal_size: 0
2025/05/10-18:43:29.755306 7f2921869700             Options.delete_obsolete_files_period_micros: 21600000000
2025/05/10-18:43:29.755306 7f2921869700                   Options.stats_dump_period_sec: 600
2025/05/10-18:43:29.755307 7f2921869700                          Options.max_open_files: -1
2025/05/10-18:43:29.755308 7f2921869700                          Options.bytes_per_sync: 0
2025/05/10-18:43:29.755308 7f2921869700                      Options.wal_bytes_per_sync: 0
2025/05/10-18:43:29.755309 7f2921869700       Options.compaction_readahead_size: 0
2025/05/10-18:43:29.755309 7f2921869700 Compression algorithms supported:
2025/05/10-18:43:29.755311 7f2921869700 	kZSTDNotFinalCompression supported: 1
2025/05/10-18:43:29.755316 7f2921869700 	kZSTD supported: 1
2025/05/10-18:43:29.755317 7f2921869700 	kXpressCompression supported: 0
2025/05/10-18:43:29.755317 7f2921869700 	kLZ4HCCompression supported: 1
2025/05/10-18:43:29.755318 7f2921869700 	kLZ4Compression supported: 1
2025/05/10-18:43:29.755319 7f2921869700 	kBZip2Compression supported: 1
2025/05/10-18:43:29.755320 7f2921869700 	kZlibCompression supported: 1
2025/05/10-18:43:29.755320 7f2921869700 	kSnappyCompression supported: 1
2025/05/10-18:43:29.755324 7f2921869700 Fast CRC32 supported: Not supported on x86
2025/05/10-18:43:29.762497 7f2921869700 [/version_set.cc:3508] Recovering from manifest file: MANIFEST-000122
2025/05/10-18:43:29.762717 7f2921869700 [/column_family.cc:474] --------------- Options for column family [default]:
2025/05/10-18:43:29.762721 7f2921869700               Options.comparator: leveldb.BytewiseComparator
2025/05/10-18:43:29.762723 7f2921869700           Options.merge_operator: StringAppendOperator
2025/05/10-18:43:29.762724 7f2921869700        Options.compaction_filter: None
2025/05/10-18:43:29.762725 7f2921869700        Options.compaction_filter_factory: None
2025/05/10-18:43:29.762726 7f2921869700         Options.memtable_factory: SkipListFactory
2025/05/10-18:43:29.762728 7f2921869700            Options.table_factory: BlockBasedTable
2025/05/10-18:43:29.762747 7f2921869700            table_factory options:   flush_block_policy_factory: FlushBlockBySizePolicyFactory (0x7f291d21f0a0)
  cache_index_and_filter_blocks: 0
  cache_index_and_filter_blocks_with_high_priority: 1
  pin_l0_filter_and_index_blocks_in_cache: 1
  pin_top_level_index_and_filter: 1
  index_type: 2
  hash_index_allow_collision: 1
  checksum: 1
  no_block_cache: 0
  block_cache: 0x7f291d293ba0
  block_cache_name: LRUCache
  block_cache_options:
    capacity : 536870912
    num_shard_bits : 8
    strict_capacity_limit : 0
    memory_allocator : None
    high_pri_pool_ratio: 0.000
  block_cache_compressed: (nil)
  persistent_cache: (nil)
  block_size: 4096
  block_size_deviation: 10
  block_restart_interval: 16
  index_block_restart_interval: 1
  metadata_block_size: 8192
  partition_filters: 1
  use_delta_encoding: 1
  filter_policy: nullptr
  whole_key_filtering: 1
  verify_compression: 0
  read_amp_bytes_per_bit: 0
  format_version: 0
  enable_index_compression: 1
  block_align: 0
2025/05/10-18:43:29.762768 7f2921869700        Options.write_buffer_size: 134217728
2025/05/10-18:43:29.762769 7f2921869700  Options.max_write_buffer_number: 6
2025/05/10-18:43:29.762770 7f2921869700        Options.compression[0]: NoCompression
2025/05/10-18:43:29.762771 7f2921869700        Options.compression[1]: NoCompression
2025/05/10-18:43:29.762772 7f2921869700        Options.compression[2]: Snappy
2025/05/10-18:43:29.762773 7f2921869700        Options.compression[3]: Snappy
2025/05/10-18:43:29.762773 7f2921869700        Options.compression[4]: Snappy
2025/05/10-18:43:29.762774 7f2921869700        Options.compression[5]: Snappy
2025/05/10-18:43:29.762774 7f2921869700        Options.compression[6]: Snappy
2025/05/10-18:43:29.762775 7f2921869700                  Options.bottommost_compression: Disabled
2025/05/10-18:43:29.762777 7f2921869700       Options.prefix_extractor: rocksdb.FixedPrefix.8
2025/05/10-18:43:29.762777 7f2921869700   Options.memtable_insert_with_hint_prefix_extractor: nullptr
2025/05/10-18:43:29.762778 7f2921869700             Options.num_levels: 7
2025/05/10-18:43:29.762779 7f2921869700        Options.min_write_buffer_number_to_merge: 2
2025/05/10-18:43:29.762779 7f2921869700     Options.max_write_buffer_number_to_maintain: 0
2025/05/10-18:43:29.762780 7f2921869700            Options.bottommost_compression_opts.window_bits: -14
2025/05/10-18:43:29.762781 7f2921869700                  Options.bottommost_compression_opts.level: 32767
2025/05/10-18:43:29.762781 7f2921869700               Options.bottommost_compression_opts.strategy: 0
2025/05/10-18:43:29.762782 7f2921869700         Options.bottommost_compression_opts.max_dict_bytes: 0
2025/05/10-18:43:29.762782 7f2921869700         Options.bottommost_compression_opts.zstd_max_train_bytes: 0
2025/05/10-18:43:29.762783 7f2921869700                  Options.bottommost_compression_opts.enabled: false
2025/05/10-18:43:29.762784 7f2921869700            Options.compression_opts.window_bits: -14
2025/05/10-18:43:29.762785 7f2921869700                  Options.compression_opts.level: 32767
2025/05/10-18:43:29.762786 7f2921869700               Options.compression_opts.strategy: 0
2025/05/10-18:43:29.762787 7f2921869700         Options.compression_opts.max_dict_bytes: 0
2025/05/10-18:43:29.762787 7f2921869700         Options.compression_opts.zstd_max_train_bytes: 0
2025/05/10-18:43:29.762788 7f2921869700                  Options.compression_opts.enabled: false
2025/05/10-18:43:29.762788 7f2921869700      Options.level0_file_num_compaction_trigger: 2
2025/05/10-18:43:29.762789 7f2921869700          Options.level0_slowdown_writes_trigger: 20
2025/05/10-18:43:29.762790 7f2921869700              Options.level0_stop_writes_trigger: 40
2025/05/10-18:43:29.762790 7f2921869700                   Options.target_file_size_base: 67108864
2025/05/10-18:43:29.762791 7f2921869700             Options.target_file_size_multiplier: 1
2025/05/10-18:43:29.762792 7f2921869700                Options.max_bytes_for_level_base: 536870912
2025/05/10-18:43:29.762792 7f2921869700 Options.level_compaction_dynamic_level_bytes: 0
2025/05/10-18:43:29.762793 7f2921869700          Options.max_bytes_for_level_multiplier: 10.000000
2025/05/10-18:43:29.762801 7f2921869700 Options.max_bytes_for_level_multiplier_addtl[0]: 1
2025/05/10-18:43:29.762802 7f2921869700 Options.max_bytes_for_level_multiplier_addtl[1]: 1
2025/05/10-18:43:29.762802 7f2921869700 Options.max_bytes_for_level_multiplier_addtl[2]: 1
2025/05/10-18:43:29.762803 7f2921869700 Options.max_bytes_for_level_multiplier_addtl[3]: 1
2025/05/10-18:43:29.762804 7f2921869700 Options.max_bytes_for_level_multiplier_addtl[4]: 1
2025/05/10-18:43:29.762804 7f2921869700 Options.max_bytes_for_level_multiplier_addtl[5]: 1
2025/05/10-18:43:29.762805 7f2921869700 Options.max_bytes_for_level_multiplier_addtl[6]: 1
2025/05/10-18:43:29.762805 7f2921869700       Options.max_sequential_skip_in_iterations: 8
2025/05/10-18:43:29.762806 7f2921869700                    Options.max_compaction_bytes: 1677721600
2025/05/10-18:43:29.762806 7f2921869700                        Options.arena_block_size: 16777216
2025/05/10-18:43:29.762807 7f2921869700   Options.soft_pending_compaction_bytes_limit: 68719476736
2025/05/10-18:43:29.762808 7f2921869700   Options.hard_pending_compaction_bytes_limit: 274877906944
2025/05/10-18:43:29.762808 7f2921869700       Options.rate_limit_delay_max_milliseconds: 100
2025/05/10-18:43:29.762809 7f2921869700                Options.disable_auto_compactions: 0
2025/05/10-18:43:29.762810 7f2921869700                        Options.compaction_style: kCompactionStyleLevel
2025/05/10-18:43:29.762812 7f2921869700                          Options.compaction_pri: kByCompensatedSize
2025/05/10-18:43:29.762812 7f2921869700 Options.compaction_options_universal.size_ratio: 1
2025/05/10-18:43:29.762813 7f2921869700 Options.compaction_options_universal.min_merge_width: 2
2025/05/10-18:43:29.762813 7f2921869700 Options.compaction_options_universal.max_merge_width: 4294967295
2025/05/10-18:43:29.762814 7f2921869700 Options.compaction_options_universal.max_size_amplification_percent: 200
2025/05/10-18:43:29.762815 7f2921869700 Options.compaction_options_universal.compression_size_percent: -1
2025/05/10-18:43:29.762816 7f2921869700 Options.compaction_options_universal.stop_style: kCompactionStopStyleTotalSize
2025/05/10-18:43:29.762816 7f2921869700 Options.compaction_options_fifo.max_table_files_size: 1073741824
2025/05/10-18:43:29.762817 7f2921869700 Options.compaction_options_fifo.allow_compaction: 0
2025/05/10-18:43:29.762818 7f2921869700 Options.compaction_options_fifo.ttl: 0
2025/05/10-18:43:29.762818 7f2921869700                   Options.table_properties_collectors: 
2025/05/10-18:43:29.762819 7f2921869700                   Options.inplace_update_support: 0
2025/05/10-18:43:29.762819 7f2921869700                 Options.inplace_update_num_locks: 10000
2025/05/10-18:43:29.762820 7f2921869700               Options.memtable_prefix_bloom_size_ratio: 0.125000
2025/05/10-18:43:29.762821 7f2921869700   Options.memtable_huge_page_size: 0
2025/05/10-18:43:29.762822 7f2921869700                           Options.bloom_locality: 0
2025/05/10-18:43:29.762822 7f2921869700                    Options.max_successive_merges: 0
2025/05/10-18:43:29.762823 7f2921869700                Options.optimize_filters_for_hits: 0
2025/05/10-18:43:29.762823 7f2921869700                Options.paranoid_file_checks: 0
2025/05/10-18:43:29.762824 7f2921869700                Options.force_consistency_checks: 1
2025/05/10-18:43:29.762824 7f2921869700                Options.report_bg_io_stats: 0
2025/05/10-18:43:29.762825 7f2921869700                               Options.ttl: 0
2025/05/10-18:43:29.801251 7f2921869700 [/column_family.cc:474] --------------- Options for column family [Configuration]:
2025/05/10-18:43:29.801269 7f2921869700               Options.comparator: leveldb.BytewiseComparator
2025/05/10-18:43:29.801271 7f2921869700           Options.merge_operator: StringAppendOperator
2025/05/10-18:43:29.801273 7f2921869700        Options.compaction_filter: None
2025/05/10-18:43:29.801274 7f2921869700        Options.compaction_filter_factory: None
2025/05/10-18:43:29.801275 7f2921869700         Options.memtable_factory: SkipListFactory
2025/05/10-18:43:29.801296 7f2921869700            Options.table_factory: BlockBasedTable
2025/05/10-18:43:29.801333 7f2921869700            table_factory options:   flush_block_policy_factory: FlushBlockBySizePolicyFactory (0x7f291d21f0a0)
  cache_index_and_filter_blocks: 0
  cache_index_and_filter_blocks_with_high_priority: 1
  pin_l0_filter_and_index_blocks_in_cache: 1
  pin_top_level_index_and_filter: 1
  index_type: 2
  hash_index_allow_collision: 1
  checksum: 1
  no_block_cache: 0
  block_cache: 0x7f291d293ba0
  block_cache_name: LRUCache
  block_cache_options:
    capacity : 536870912
    num_shard_bits : 8
    strict_capacity_limit : 0
    memory_allocator : None
    high_pri_pool_ratio: 0.000
  block_cache_compressed: (nil)
  persistent_cache: (nil)
  block_size: 4096
  block_size_deviation: 10
  block_restart_interval: 16
  index_block_restart_interval: 1
  metadata_block_size: 8192
  partition_filters: 1
  use_delta_encoding: 1
  filter_policy: nullptr
  whole_key_filtering: 1
  verify_compression: 0
  read_amp_bytes_per_bit: 0
  format_version: 0
  enable_index_compression: 1
  block_align: 0
2025/05/10-18:43:29.801334 7f2921869700        Options.write_buffer_size: 134217728
2025/05/10-18:43:29.801335 7f2921869700  Options.max_write_buffer_number: 6
2025/05/10-18:43:29.801337 7f2921869700        Options.compression[0]: NoCompression
2025/05/10-18:43:29.801337 7f2921869700        Options.compression[1]: NoCompression
2025/05/10-18:43:29.801338 7f2921869700        Options.compression[2]: Snappy
2025/05/10-18:43:29.801339 7f2921869700        Options.compression[3]: Snappy
2025/05/10-18:43:29.801339 7f2921869700        Options.compression[4]: Snappy
2025/05/10-18:43:29.801340 7f2921869700        Options.compression[5]: Snappy
2025/05/10-18:43:29.801341 7f2921869700        Options.compression[6]: Snappy
2025/05/10-18:43:29.801341 7f2921869700                  Options.bottommost_compression: Disabled
2025/05/10-18:43:29.801342 7f2921869700       Options.prefix_extractor: rocksdb.FixedPrefix.8
2025/05/10-18:43:29.801343 7f2921869700   Options.memtable_insert_with_hint_prefix_extractor: nullptr
2025/05/10-18:43:29.801344 7f2921869700             Options.num_levels: 7
2025/05/10-18:43:29.801345 7f2921869700        Options.min_write_buffer_number_to_merge: 2
2025/05/10-18:43:29.801345 7f2921869700     Options.max_write_buffer_number_to_maintain: 0
2025/05/10-18:43:29.801346 7f2921869700            Options.bottommost_compression_opts.window_bits: -14
2025/05/10-18:43:29.801347 7f2921869700                  Options.bottommost_compression_opts.level: 32767
2025/05/10-18:43:29.801348 7f2921869700               Options.bottommost_compression_opts.strategy: 0
2025/05/10-18:43:29.801348 7f2921869700         Options.bottommost_compression_opts.max_dict_bytes: 0
2025/05/10-18:43:29.801349 7f2921869700         Options.bottommost_compression_opts.zstd_max_train_bytes: 0
2025/05/10-18:43:29.801350 7f2921869700                  Options.bottommost_compression_opts.enabled: false
2025/05/10-18:43:29.801350 7f2921869700            Options.compression_opts.window_bits: -14
2025/05/10-18:43:29.801351 7f2921869700                  Options.compression_opts.level: 32767
2025/05/10-18:43:29.801352 7f2921869700               Options.compression_opts.strategy: 0
2025/05/10-18:43:29.801353 7f2921869700         Options.compression_opts.max_dict_bytes: 0
2025/05/10-18:43:29.801353 7f2921869700         Options.compression_opts.zstd_max_train_bytes: 0
2025/05/10-18:43:29.801354 7f2921869700                  Options.compression_opts.enabled: false
2025/05/10-18:43:29.801355 7f2921869700      Options.level0_file_num_compaction_trigger: 2
2025/05/10-18:43:29.801356 7f2921869700          Options.level0_slowdown_writes_trigger: 20
2025/05/10-18:43:29.801356 7f2921869700              Options.level0_stop_writes_trigger: 40
2025/05/10-18:43:29.801357 7f2921869700                   Options.target_file_size_base: 67108864
2025/05/10-18:43:29.801358 7f2921869700             Options.target_file_size_multiplier: 1
2025/05/10-18:43:29.801358 7f2921869700                Options.max_bytes_for_level_base: 536870912
2025/05/10-18:43:29.801365 7f2921869700 Options.level_compaction_dynamic_level_bytes: 0
2025/05/10-18:43:29.801366 7f2921869700          Options.max_bytes_for_level_multiplier: 10.000000
2025/05/10-18:43:29.801368 7f2921869700 Options.max_bytes_for_level_multiplier_addtl[0]: 1
2025/05/10-18:43:29.801369 7f2921869700 Options.max_bytes_for_level_multiplier_addtl[1]: 1
2025/05/10-18:43:29.801369 7f2921869700 Options.max_bytes_for_level_multiplier_addtl[2]: 1
2025/05/10-18:43:29.801370 7f2921869700 Options.max_bytes_for_level_multiplier_addtl[3]: 1
2025/05/10-18:43:29.801370 7f2921869700 Options.max_bytes_for_level_multiplier_addtl[4]: 1
2025/05/10-18:43:29.801371 7f2921869700 Options.max_bytes_for_level_multiplier_addtl[5]: 1
2025/05/10-18:43:29.801372 7f2921869700 Options.max_bytes_for_level_multiplier_addtl[6]: 1
2025/05/10-18:43:29.801372 7f2921869700       Options.max_sequential_skip_in_iterations: 8
2025/05/10-18:43:29.801373 7f2921869700                    Options.max_compaction_bytes: 1677721600
2025/05/10-18:43:29.801373 7f2921869700                        Options.arena_block_size: 16777216
2025/05/10-18:43:29.801374 7f2921869700   Options.soft_pending_compaction_bytes_limit: 68719476736
2025/05/10-18:43:29.801375 7f2921869700   Options.hard_pending_compaction_bytes_limit: 274877906944
2025/05/10-18:43:29.801375 7f2921869700       Options.rate_limit_delay_max_milliseconds: 100
2025/05/10-18:43:29.801376 7f2921869700                Options.disable_auto_compactions: 0
2025/05/10-18:43:29.801377 7f2921869700                        Options.compaction_style: kCompactionStyleLevel
2025/05/10-18:43:29.801378 7f2921869700                          Options.compaction_pri: kByCompensatedSize
2025/05/10-18:43:29.801379 7f2921869700 Options.compaction_options_universal.size_ratio: 1
2025/05/10-18:43:29.801379 7f2921869700 Options.compaction_options_universal.min_merge_width: 2
2025/05/10-18:43:29.801380 7f2921869700 Options.compaction_options_universal.max_merge_width: 4294967295
2025/05/10-18:43:29.801381 7f2921869700 Options.compaction_options_universal.max_size_amplification_percent: 200
2025/05/10-18:43:29.801381 7f2921869700 Options.compaction_options_universal.compression_size_percent: -1
2025/05/10-18:43:29.801383 7f2921869700 Options.compaction_options_universal.stop_style: kCompactionStopStyleTotalSize
2025/05/10-18:43:29.801383 7f2921869700 Options.compaction_options_fifo.max_table_files_size: 1073741824
2025/05/10-18:43:29.801384 7f2921869700 Options.compaction_options_fifo.allow_compaction: 0
2025/05/10-18:43:29.801384 7f2921869700 Options.compaction_options_fifo.ttl: 0
2025/05/10-18:43:29.801385 7f2921869700                   Options.table_properties_collectors: 
2025/05/10-18:43:29.801386 7f2921869700                   Options.inplace_update_support: 0
2025/05/10-18:43:29.801386 7f2921869700                 Options.inplace_update_num_locks: 10000
2025/05/10-18:43:29.801387 7f2921869700               Options.memtable_prefix_bloom_size_ratio: 0.125000
2025/05/10-18:43:29.801388 7f2921869700   Options.memtable_huge_page_size: 0
2025/05/10-18:43:29.801388 7f2921869700                           Options.bloom_locality: 0
2025/05/10-18:43:29.801389 7f2921869700                    Options.max_successive_merges: 0
2025/05/10-18:43:29.801390 7f2921869700                Options.optimize_filters_for_hits: 0
2025/05/10-18:43:29.801390 7f2921869700                Options.paranoid_file_checks: 0
2025/05/10-18:43:29.801391 7f2921869700                Options.force_consistency_checks: 1
2025/05/10-18:43:29.801391 7f2921869700                Options.report_bg_io_stats: 0
2025/05/10-18:43:29.801392 7f2921869700                               Options.ttl: 0
2025/05/10-18:43:29.817639 7f2921869700 [/version_set.cc:3724] Recovered from manifest file:/home/nacos/data/protocol/raft/naming_persistent_service_v2/log/MANIFEST-000122 succeeded,manifest_file_number is 122, next_file_number is 130, last_sequence is 157, log_number is 0,prev_log_number is 0,max_column_family is 1,min_log_number_to_keep is 0
2025/05/10-18:43:29.817672 7f2921869700 [/version_set.cc:3732] Column family [default] (ID 0), log number is 121
2025/05/10-18:43:29.817674 7f2921869700 [/version_set.cc:3732] Column family [Configuration] (ID 1), log number is 121
2025/05/10-18:43:29.817841 7f2921869700 EVENT_LOG_v1 {"time_micros": 1746873809817827, "job": 1, "event": "recovery_started", "log_files": [124]}
2025/05/10-18:43:29.817846 7f2921869700 [/db_impl_open.cc:578] Recovering log #124 mode 2
2025/05/10-18:43:29.827937 7f2921869700 EVENT_LOG_v1 {"time_micros": 1746873809827923, "cf_name": "default", "job": 1, "event": "table_file_creation", "file_number": 130, "file_size": 861, "table_properties": {"data_size": 58, "index_size": 49, "filter_size": 0, "raw_key_size": 32, "raw_average_key_size": 32, "raw_value_size": 34, "raw_average_value_size": 34, "num_data_blocks": 1, "num_entries": 1, "filter_policy_name": ""}}
2025/05/10-18:43:29.863309 7f2921869700 [/version_set.cc:3037] Creating manifest 131
2025/05/10-18:43:29.895016 7f2921869700 EVENT_LOG_v1 {"time_micros": 1746873809895006, "cf_name": "Configuration", "job": 1, "event": "table_file_creation", "file_number": 132, "file_size": 905, "table_properties": {"data_size": 95, "index_size": 49, "filter_size": 0, "raw_key_size": 58, "raw_average_key_size": 29, "raw_value_size": 42, "raw_average_value_size": 21, "num_data_blocks": 1, "num_entries": 2, "filter_policy_name": ""}}
2025/05/10-18:43:29.920598 7f2921869700 EVENT_LOG_v1 {"time_micros": 1746873809920592, "job": 1, "event": "recovery_finished"}
2025/05/10-18:43:29.928038 7f2921869700 [/db_impl_open.cc:1314] DB pointer 0x7f291d20ea60
2025/05/10-18:43:29.936441 7f287d347700 [WARN] [/db_impl.cc:669] ------- DUMPING STATS -------
2025/05/10-18:43:29.936477 7f287d347700 [WARN] [/db_impl.cc:670] 
** DB Stats **
Uptime(secs): 0.2 total, 0.2 interval
Cumulative writes: 0 writes, 0 keys, 0 commit groups, 0.0 writes per commit group, ingest: 0.00 GB, 0.00 MB/s
Cumulative WAL: 0 writes, 0 syncs, 0.00 writes per sync, written: 0.00 GB, 0.00 MB/s
Cumulative stall: 00:00:0.000 H:M:S, 0.0 percent
Interval writes: 0 writes, 0 keys, 0 commit groups, 0.0 writes per commit group, ingest: 0.00 MB, 0.00 MB/s
Interval WAL: 0 writes, 0 syncs, 0.00 writes per sync, written: 0.00 MB, 0.00 MB/s
Interval stall: 00:00:0.000 H:M:S, 0.0 percent

** Compaction Stats [default] **
Level    Files   Size     Score Read(GB)  Rn(GB) Rnp1(GB) Write(GB) Wnew(GB) Moved(GB) W-Amp Rd(MB/s) Wr(MB/s) Comp(sec) Comp(cnt) Avg(sec) KeyIn KeyDrop
----------------------------------------------------------------------------------------------------------------------------------------------------------
  L0      1/0    0.84 KB   0.5      0.0     0.0      0.0       0.0      0.0       0.0   1.0      0.0      0.1         0         1    0.006       0      0
 Sum      1/0    0.84 KB   0.0      0.0     0.0      0.0       0.0      0.0       0.0   1.0      0.0      0.1         0         1    0.006       0      0
 Int      0/0    0.00 KB   0.0      0.0     0.0      0.0       0.0      0.0       0.0   1.0      0.0      0.1         0         1    0.006       0      0
Uptime(secs): 0.2 total, 0.2 interval
Flush(GB): cumulative 0.000, interval 0.000
AddFile(GB): cumulative 0.000, interval 0.000
AddFile(Total Files): cumulative 0, interval 0
AddFile(L0 Files): cumulative 0, interval 0
AddFile(Keys): cumulative 0, interval 0
Cumulative compaction: 0.00 GB write, 0.00 MB/s write, 0.00 GB read, 0.00 MB/s read, 0.0 seconds
Interval compaction: 0.00 GB write, 0.00 MB/s write, 0.00 GB read, 0.00 MB/s read, 0.0 seconds
Stalls(count): 0 level0_slowdown, 0 level0_slowdown_with_compaction, 0 level0_numfiles, 0 level0_numfiles_with_compaction, 0 stop for pending_compaction_bytes, 0 slowdown for pending_compaction_bytes, 0 memtable_compaction, 0 memtable_slowdown, interval 0 total count

** File Read Latency Histogram By Level [default] **
** Level 0 read latency histogram (micros):
Count: 6 Average: 2.6667  StdDev: 2.43
Min: 1  Median: 1.3333  Max: 8
Percentiles: P50: 1.33 P75: 1.83 P99: 8.00 P99.9: 8.00 P99.99: 8.00
------------------------------------------------------
[       0,       1 ]        2  33.333%  33.333% #######
(       1,       2 ]        3  50.000%  83.333% ##########
(       6,      10 ]        1  16.667% 100.000% ###


** Compaction Stats [Configuration] **
Level    Files   Size     Score Read(GB)  Rn(GB) Rnp1(GB) Write(GB) Wnew(GB) Moved(GB) W-Amp Rd(MB/s) Wr(MB/s) Comp(sec) Comp(cnt) Avg(sec) KeyIn KeyDrop
----------------------------------------------------------------------------------------------------------------------------------------------------------
  L0      1/0    0.88 KB   0.5      0.0     0.0      0.0       0.0      0.0       0.0   1.0      0.0      0.2         0         1    0.006       0      0
  L1      1/0    0.77 KB   0.0      0.0     0.0      0.0       0.0      0.0       0.0   0.0      0.0      0.0         0         0    0.000       0      0
 Sum      2/0    1.66 KB   0.0      0.0     0.0      0.0       0.0      0.0       0.0   1.0      0.0      0.2         0         1    0.006       0      0
 Int      0/0    0.00 KB   0.0      0.0     0.0      0.0       0.0      0.0       0.0   1.0      0.0      0.2         0         1    0.006       0      0
Uptime(secs): 0.1 total, 0.1 interval
Flush(GB): cumulative 0.000, interval 0.000
AddFile(GB): cumulative 0.000, interval 0.000
AddFile(Total Files): cumulative 0, interval 0
AddFile(L0 Files): cumulative 0, interval 0
AddFile(Keys): cumulative 0, interval 0
Cumulative compaction: 0.00 GB write, 0.01 MB/s write, 0.00 GB read, 0.00 MB/s read, 0.0 seconds
Interval compaction: 0.00 GB write, 0.01 MB/s write, 0.00 GB read, 0.00 MB/s read, 0.0 seconds
Stalls(count): 0 level0_slowdown, 0 level0_slowdown_with_compaction, 0 level0_numfiles, 0 level0_numfiles_with_compaction, 0 stop for pending_compaction_bytes, 0 slowdown for pending_compaction_bytes, 0 memtable_compaction, 0 memtable_slowdown, interval 0 total count

** File Read Latency Histogram By Level [Configuration] **
** Level 0 read latency histogram (micros):
Count: 7 Average: 2.8571  StdDev: 3.04
Min: 1  Median: 1.0000  Max: 9
Percentiles: P50: 1.00 P75: 4.50 P99: 9.00 P99.9: 9.00 P99.99: 9.00
------------------------------------------------------
[       0,       1 ]        5  71.429%  71.429% ##############
(       4,       6 ]        1  14.286%  85.714% ###
(       6,      10 ]        1  14.286% 100.000% ###

** Level 1 read latency histogram (micros):
Count: 6 Average: 532.0000  StdDev: 1185.56
Min: 1  Median: 1.5000  Max: 3183
Percentiles: P50: 1.50 P75: 2.50 P99: 3183.00 P99.9: 3183.00 P99.99: 3183.00
------------------------------------------------------
[       0,       1 ]        2  33.333%  33.333% #######
(       1,       2 ]        2  33.333%  66.667% #######
(       2,       3 ]        1  16.667%  83.333% ###
(    2900,    4400 ]        1  16.667% 100.000% ###


** Compaction Stats [default] **
Level    Files   Size     Score Read(GB)  Rn(GB) Rnp1(GB) Write(GB) Wnew(GB) Moved(GB) W-Amp Rd(MB/s) Wr(MB/s) Comp(sec) Comp(cnt) Avg(sec) KeyIn KeyDrop
----------------------------------------------------------------------------------------------------------------------------------------------------------
  L0      1/0    0.84 KB   0.5      0.0     0.0      0.0       0.0      0.0       0.0   1.0      0.0      0.1         0         1    0.006       0      0
 Sum      1/0    0.84 KB   0.0      0.0     0.0      0.0       0.0      0.0       0.0   1.0      0.0      0.1         0         1    0.006       0      0
 Int      0/0    0.00 KB   0.0      0.0     0.0      0.0       0.0      0.0       0.0   0.0      0.0      0.0         0         0    0.000       0      0
Uptime(secs): 0.2 total, 0.0 interval
Flush(GB): cumulative 0.000, interval 0.000
AddFile(GB): cumulative 0.000, interval 0.000
AddFile(Total Files): cumulative 0, interval 0
AddFile(L0 Files): cumulative 0, interval 0
AddFile(Keys): cumulative 0, interval 0
Cumulative compaction: 0.00 GB write, 0.00 MB/s write, 0.00 GB read, 0.00 MB/s read, 0.0 seconds
Interval compaction: 0.00 GB write, 0.00 MB/s write, 0.00 GB read, 0.00 MB/s read, 0.0 seconds
Stalls(count): 0 level0_slowdown, 0 level0_slowdown_with_compaction, 0 level0_numfiles, 0 level0_numfiles_with_compaction, 0 stop for pending_compaction_bytes, 0 slowdown for pending_compaction_bytes, 0 memtable_compaction, 0 memtable_slowdown, interval 0 total count

** File Read Latency Histogram By Level [default] **
** Level 0 read latency histogram (micros):
Count: 6 Average: 2.6667  StdDev: 2.43
Min: 1  Median: 1.3333  Max: 8
Percentiles: P50: 1.33 P75: 1.83 P99: 8.00 P99.9: 8.00 P99.99: 8.00
------------------------------------------------------
[       0,       1 ]        2  33.333%  33.333% #######
(       1,       2 ]        3  50.000%  83.333% ##########
(       6,      10 ]        1  16.667% 100.000% ###


** Compaction Stats [Configuration] **
Level    Files   Size     Score Read(GB)  Rn(GB) Rnp1(GB) Write(GB) Wnew(GB) Moved(GB) W-Amp Rd(MB/s) Wr(MB/s) Comp(sec) Comp(cnt) Avg(sec) KeyIn KeyDrop
----------------------------------------------------------------------------------------------------------------------------------------------------------
  L0      1/0    0.88 KB   0.5      0.0     0.0      0.0       0.0      0.0       0.0   1.0      0.0      0.2         0         1    0.006       0      0
  L1      1/0    0.77 KB   0.0      0.0     0.0      0.0       0.0      0.0       0.0   0.0      0.0      0.0         0         0    0.000       0      0
 Sum      2/0    1.66 KB   0.0      0.0     0.0      0.0       0.0      0.0       0.0   1.0      0.0      0.2         0         1    0.006       0      0
 Int      0/0    0.00 KB   0.0      0.0     0.0      0.0       0.0      0.0       0.0   0.0      0.0      0.0         0         0    0.000       0      0
Uptime(secs): 0.1 total, 0.0 interval
Flush(GB): cumulative 0.000, interval 0.000
AddFile(GB): cumulative 0.000, interval 0.000
AddFile(Total Files): cumulative 0, interval 0
AddFile(L0 Files): cumulative 0, interval 0
AddFile(Keys): cumulative 0, interval 0
Cumulative compaction: 0.00 GB write, 0.01 MB/s write, 0.00 GB read, 0.00 MB/s read, 0.0 seconds
Interval compaction: 0.00 GB write, 0.00 MB/s write, 0.00 GB read, 0.00 MB/s read, 0.0 seconds
Stalls(count): 0 level0_slowdown, 0 level0_slowdown_with_compaction, 0 level0_numfiles, 0 level0_numfiles_with_compaction, 0 stop for pending_compaction_bytes, 0 slowdown for pending_compaction_bytes, 0 memtable_compaction, 0 memtable_slowdown, interval 0 total count

** File Read Latency Histogram By Level [Configuration] **
** Level 0 read latency histogram (micros):
Count: 7 Average: 2.8571  StdDev: 3.04
Min: 1  Median: 1.0000  Max: 9
Percentiles: P50: 1.00 P75: 4.50 P99: 9.00 P99.9: 9.00 P99.99: 9.00
------------------------------------------------------
[       0,       1 ]        5  71.429%  71.429% ##############
(       4,       6 ]        1  14.286%  85.714% ###
(       6,      10 ]        1  14.286% 100.000% ###

** Level 1 read latency histogram (micros):
Count: 6 Average: 532.0000  StdDev: 1185.56
Min: 1  Median: 1.5000  Max: 3183
Percentiles: P50: 1.50 P75: 2.50 P99: 3183.00 P99.9: 3183.00 P99.99: 3183.00
------------------------------------------------------
[       0,       1 ]        2  33.333%  33.333% #######
(       1,       2 ]        2  33.333%  66.667% #######
(       2,       3 ]        1  16.667%  83.333% ###
(    2900,    4400 ]        1  16.667% 100.000% ###

2025/05/10-18:43:29.936719 7f287d347700 [WARN] [/db_impl.cc:617] STATISTICS:
 rocksdb.block.cache.miss COUNT : 7
rocksdb.block.cache.hit COUNT : 1
rocksdb.block.cache.add COUNT : 7
rocksdb.block.cache.add.failures COUNT : 0
rocksdb.block.cache.index.miss COUNT : 3
rocksdb.block.cache.index.hit COUNT : 1
rocksdb.block.cache.index.add COUNT : 3
rocksdb.block.cache.index.bytes.insert COUNT : 384
rocksdb.block.cache.index.bytes.evict COUNT : 0
rocksdb.block.cache.filter.miss COUNT : 0
rocksdb.block.cache.filter.hit COUNT : 0
rocksdb.block.cache.filter.add COUNT : 0
rocksdb.block.cache.filter.bytes.insert COUNT : 0
rocksdb.block.cache.filter.bytes.evict COUNT : 0
rocksdb.block.cache.data.miss COUNT : 4
rocksdb.block.cache.data.hit COUNT : 0
rocksdb.block.cache.data.add COUNT : 4
rocksdb.block.cache.data.bytes.insert COUNT : 592
rocksdb.block.cache.bytes.read COUNT : 128
rocksdb.block.cache.bytes.write COUNT : 976
rocksdb.bloom.filter.useful COUNT : 0
rocksdb.bloom.filter.full.positive COUNT : 0
rocksdb.bloom.filter.full.true.positive COUNT : 0
rocksdb.persistent.cache.hit COUNT : 0
rocksdb.persistent.cache.miss COUNT : 0
rocksdb.sim.block.cache.hit COUNT : 0
rocksdb.sim.block.cache.miss COUNT : 0
rocksdb.memtable.hit COUNT : 0
rocksdb.memtable.miss COUNT : 0
rocksdb.l0.hit COUNT : 0
rocksdb.l1.hit COUNT : 0
rocksdb.l2andup.hit COUNT : 0
rocksdb.compaction.key.drop.new COUNT : 0
rocksdb.compaction.key.drop.obsolete COUNT : 0
rocksdb.compaction.key.drop.range_del COUNT : 0
rocksdb.compaction.key.drop.user COUNT : 0
rocksdb.compaction.range_del.drop.obsolete COUNT : 0
rocksdb.compaction.optimized.del.drop.obsolete COUNT : 0
rocksdb.compaction.cancelled COUNT : 0
rocksdb.number.keys.written COUNT : 0
rocksdb.number.keys.read COUNT : 0
rocksdb.number.keys.updated COUNT : 0
rocksdb.bytes.written COUNT : 0
rocksdb.bytes.read COUNT : 0
rocksdb.number.db.seek COUNT : 1
rocksdb.number.db.next COUNT : 0
rocksdb.number.db.prev COUNT : 0
rocksdb.number.db.seek.found COUNT : 1
rocksdb.number.db.next.found COUNT : 0
rocksdb.number.db.prev.found COUNT : 0
rocksdb.db.iter.bytes.read COUNT : 34
rocksdb.no.file.closes COUNT : 0
rocksdb.no.file.opens COUNT : 3
rocksdb.no.file.errors COUNT : 0
rocksdb.l0.slowdown.micros COUNT : 0
rocksdb.memtable.compaction.micros COUNT : 0
rocksdb.l0.num.files.stall.micros COUNT : 0
rocksdb.stall.micros COUNT : 0
rocksdb.db.mutex.wait.micros COUNT : 0
rocksdb.rate.limit.delay.millis COUNT : 0
rocksdb.num.iterators COUNT : 0
rocksdb.number.multiget.get COUNT : 0
rocksdb.number.multiget.keys.read COUNT : 0
rocksdb.number.multiget.bytes.read COUNT : 0
rocksdb.number.deletes.filtered COUNT : 0
rocksdb.number.merge.failures COUNT : 0
rocksdb.bloom.filter.prefix.checked COUNT : 0
rocksdb.bloom.filter.prefix.useful COUNT : 0
rocksdb.number.reseeks.iteration COUNT : 0
rocksdb.getupdatessince.calls COUNT : 0
rocksdb.block.cachecompressed.miss COUNT : 0
rocksdb.block.cachecompressed.hit COUNT : 0
rocksdb.block.cachecompressed.add COUNT : 0
rocksdb.block.cachecompressed.add.failures COUNT : 0
rocksdb.wal.synced COUNT : 0
rocksdb.wal.bytes COUNT : 0
rocksdb.write.self COUNT : 0
rocksdb.write.other COUNT : 0
rocksdb.write.timeout COUNT : 0
rocksdb.write.wal COUNT : 0
rocksdb.compact.read.bytes COUNT : 0
rocksdb.compact.write.bytes COUNT : 1766
rocksdb.flush.write.bytes COUNT : 0
rocksdb.number.direct.load.table.properties COUNT : 0
rocksdb.number.superversion_acquires COUNT : 1
rocksdb.number.superversion_releases COUNT : 0
rocksdb.number.superversion_cleanups COUNT : 0
rocksdb.number.block.compressed COUNT : 0
rocksdb.number.block.decompressed COUNT : 0
rocksdb.number.block.not_compressed COUNT : 0
rocksdb.merge.operation.time.nanos COUNT : 0
rocksdb.filter.operation.time.nanos COUNT : 0
